
 Generate File TITLE:   .
 Crystal Identifier:    12287_1_E1



 *** WARNING *** No attempt will be made to measure overloaded reflections
 Use keywords PROFILE OVERLOAD to estimate overloads by profile fitting
 IMAGE  CCX   CCY  CCOM  DIST  YSCALE TILT TWIST ROFF  TOFF RESID WRESID FULL PART OVRL  NEG BAD  I/SIGI   I/SIGI Rsym Nsym SDRAT
                                                                                               overall (at 1.4A)
     1 -0.02 -0.03   0.02 169.7 0.999  -20  -32  0.00  0.00 0.043    1.1    566  3401    2  546   3   17.3    1.7   0.104   64   2.8
     2 -0.01 -0.05   0.02 169.7 0.999  -22  -26  0.00  0.00 0.032    0.7    584  3352    1  616   4   18.1    0.8   0.054   94   3.0
     3  0.00 -0.05   0.00 169.7 0.999  -13  -32  0.00  0.00 0.040    0.6    481  3563    2  625   3   16.9    1.0   0.086   88   3.2
     4 -0.01 -0.04   0.00 169.7 0.999  -18  -31  0.00  0.00 0.041    0.8    477  3553    2  628   1   17.6    0.9   0.071  174   2.5
     5 -0.02 -0.04  -0.01 169.7 0.999  -22  -22  0.00  0.00 0.036    1.0    455  3580    1  671   1   15.4    0.1   0.094  198   2.8
     6 -0.01 -0.05   0.00 169.7 1.000  -17  -25  0.00  0.00 0.038    1.1    484  3568    2  609   0   17.5    0.8   0.092  150   2.8
     7 -0.02 -0.07  -0.01 169.6 1.000  -27  -20  0.00  0.00 0.036    0.7    526  3519    1  579   2   17.7    0.7   0.073  124   2.5
     8 -0.01 -0.04   0.01 169.7 0.999  -18  -32  0.00  0.00 0.040    0.9    500  3528    3  629   6   18.0   -0.9   0.110   78   2.4
     9 -0.01 -0.06  -0.01 169.6 0.999  -25  -23  0.00  0.00 0.048    1.1    458  3608    0  647   0   17.5    2.3   0.055   18   1.7
    10 -0.01 -0.07   0.02 169.7 0.999  -17  -26  0.00  0.00 0.045    0.9    490  3578    0  611   0   14.3    2.2   0.075   44   1.5


 RESULTS OF POSTREFINEMENT
  3 successive pairs of images will be used
 Each image will have its own missetting angles
 Initial cell parameters  51.616  51.616 157.605  90.00  90.00  90.00
 Initial missetting angles   -0.018   -0.038    0.012
 Cell parameters are not refined
 Beam parameters are being refined
 Input values (degrees): mosaic spread (EPS) 0.490 horizontal divergence (DIVH) 0.100 vertical divergence (DIVV) 0.020
 Image     PHIX     PHIY     PHIZ        A        B        C      ALPHA     BETA    GAMMA   MOSAIC   DIVH   DIVV    Resid      NR
    1     Post refinement was not performed for this image
    2     -0.01    -0.02     0.01     51.62   51.62  157.60   90.00   90.00   90.00    0.54   0.10   0.02   0.045   613
    sds PSIY   0.00 PSIZ   0.00      0.00    0.00    0.00    0.00    0.00    0.00    0.00   0.00   0.00
    3     -0.01    -0.03     0.00     51.62   51.62  157.60   90.00   90.00   90.00    0.53   0.10   0.02   0.047  1263
    sds PSIY   0.00 PSIZ   0.00      0.00    0.00    0.00    0.00    0.00    0.00    0.00   0.00   0.00
    4     -0.01    -0.03     0.00     51.62   51.62  157.60   90.00   90.00   90.00    0.53   0.10   0.02   0.048  1964
    sds PSIY   0.00 PSIZ   0.00      0.00    0.00    0.00    0.00    0.00    0.00    0.01   0.00   0.00
    5     -0.02    -0.04     0.00     51.62   51.62  157.60   90.00   90.00   90.00    0.53   0.10   0.02   0.049  2048
    sds PSIY   0.00 PSIZ   0.00      0.00    0.00    0.00    0.00    0.00    0.00    0.01   0.00   0.00
    6     -0.02    -0.03     0.00     51.62   51.62  157.60   90.00   90.00   90.00    0.53   0.10   0.02   0.049  2110
    sds PSIY   0.00 PSIZ   0.00      0.00    0.00    0.00    0.00    0.00    0.00    0.01   0.00   0.00
    7     -0.02    -0.04     0.00     51.62   51.62  157.60   90.00   90.00   90.00    0.52   0.10   0.02   0.048  2105
    sds PSIY   0.00 PSIZ   0.00      0.00    0.00    0.00    0.00    0.00    0.00    0.01   0.00   0.00
    8     -0.02    -0.03     0.00     51.62   51.62  157.60   90.00   90.00   90.00    0.52   0.10   0.02   0.049  2105
    sds PSIY   0.00 PSIZ   0.00      0.00    0.00    0.00    0.00    0.00    0.00    0.01   0.00   0.00
    9     -0.02    -0.05     0.00     51.62   51.62  157.60   90.00   90.00   90.00    0.52   0.10   0.02   0.051  2108
    sds PSIY   0.00 PSIZ   0.00      0.00    0.00    0.00    0.00    0.00    0.00    0.01   0.00   0.00
   10     -0.01    -0.03    -0.01     51.62   51.62  157.60   90.00   90.00   90.00    0.52   0.10   0.02   0.051  2176
    sds PSIY   0.00 PSIZ   0.00      0.00    0.00    0.00    0.00    0.00    0.00    0.01   0.00   0.00



 *** WARNING *** No attempt will be made to measure overloaded reflections
 Use keywords PROFILE OVERLOAD to estimate overloads by profile fitting
 IMAGE  CCX   CCY  CCOM  DIST  YSCALE TILT TWIST ROFF  TOFF RESID WRESID FULL PART OVRL  NEG BAD  I/SIGI   I/SIGI Rsym Nsym SDRAT
                                                                                               overall (at 1.4A)
    11  0.00 -0.04   0.02 169.7 0.999  -15  -32  0.00  0.00 0.052    0.9    469  3567    0  642   1   17.5    1.8   0.019   14   3.9
    12 -0.02 -0.02   0.00 169.7 0.999  -20  -31  0.00  0.00 0.044    0.7    495  3519    1  656   0   15.2    0.0   0.078   32   1.2
    13 -0.02 -0.04   0.00 169.6 0.999  -21  -26  0.00  0.00 0.039    0.7    481  3498    0  662   1   15.0    0.2   0.120   24   1.8
    14 -0.01 -0.04  -0.01 169.7 0.999  -17  -31  0.00  0.00 0.036    0.6    539  3549    0  599   1   17.2    1.1   0.071   40   2.3
    15 -0.01 -0.03   0.00 169.7 1.000  -16  -33  0.00  0.00 0.047    1.2    546  3503    1  643   1   16.3   -1.9   0.077   58   2.7
    16 -0.01 -0.07  -0.02 169.6 0.999  -24  -19  0.00  0.00 0.047    0.9    505  3448    1  624   3   13.9    0.8   0.088   34   1.6
    17 -0.01 -0.06   0.02 169.6 0.999  -18  -25  0.00  0.00 0.045    0.9    526  3457    1  620   2   14.4    0.6   0.151   28   1.0
    18 -0.03 -0.05  -0.01 169.6 0.999  -26  -37  0.00  0.00 0.050    1.0    524  3501    1  647   0   16.3    1.0   0.070   18   1.9
    19 -0.03 -0.03   0.01 169.7 0.999  -23  -32  0.00  0.00 0.057    1.0    507  3519    2  651   4   16.0    1.7   0.031   14   1.3
    20 -0.02 -0.04   0.00 169.6 0.999  -17  -30  0.00  0.00 0.042    0.8    459  3518    1  671   1   18.0    0.0   0.092    2   3.1


 RESULTS OF POSTREFINEMENT
 Image     PHIX     PHIY     PHIZ        A        B        C      ALPHA     BETA    GAMMA   MOSAIC   DIVH   DIVV    Resid      NR
   11     -0.02    -0.03     0.00     51.62   51.62  157.60   90.00   90.00   90.00    0.52   0.10   0.02   0.051  2202
    sds PSIY   0.00 PSIZ   0.00      0.00    0.00    0.00    0.00    0.00    0.00    0.01   0.00   0.00
   12     -0.02    -0.03     0.00     51.62   51.62  157.60   90.00   90.00   90.00    0.52   0.10   0.02   0.049  2212
    sds PSIY   0.00 PSIZ   0.00      0.00    0.00    0.00    0.00    0.00    0.00    0.01   0.00   0.00
   13     -0.01    -0.03    -0.01     51.62   51.62  157.60   90.00   90.00   90.00    0.52   0.10   0.02   0.049  2112
    sds PSIY   0.00 PSIZ   0.00      0.00    0.00    0.00    0.00    0.00    0.00    0.01   0.00   0.00
   14     -0.02    -0.04     0.00     51.62   51.62  157.60   90.00   90.00   90.00    0.52   0.10   0.02   0.048  2075
    sds PSIY   0.00 PSIZ   0.00      0.00    0.00    0.00    0.00    0.00    0.00    0.01   0.00   0.00
   15     -0.02    -0.03     0.00     51.62   51.62  157.60   90.00   90.00   90.00    0.52   0.10   0.02   0.049  2052
    sds PSIY   0.00 PSIZ   0.00      0.00    0.00    0.00    0.00    0.00    0.00    0.01   0.00   0.00
   16     -0.04    -0.05     0.00     51.62   51.62  157.60   90.00   90.00   90.00    0.52   0.10   0.02   0.048  2069
    sds PSIY   0.00 PSIZ   0.00      0.00    0.00    0.00    0.00    0.00    0.00    0.01   0.00   0.00
   17     -0.02    -0.03     0.01     51.62   51.62  157.60   90.00   90.00   90.00    0.52   0.10   0.02   0.046  2051
    sds PSIY   0.00 PSIZ   0.00      0.00    0.00    0.00    0.00    0.00    0.00    0.01   0.00   0.00
   18     -0.02    -0.04     0.01     51.62   51.62  157.60   90.00   90.00   90.00    0.52   0.10   0.02   0.047  2033
    sds PSIY   0.00 PSIZ   0.00      0.00    0.00    0.00    0.00    0.00    0.00    0.01   0.00   0.00
   19     -0.02    -0.03     0.01     51.62   51.62  157.60   90.00   90.00   90.00    0.52   0.10   0.02   0.049  2047
    sds PSIY   0.00 PSIZ   0.00      0.00    0.00    0.00    0.00    0.00    0.00    0.01   0.00   0.00
   20     -0.02    -0.03     0.00     51.62   51.62  157.60   90.00   90.00   90.00    0.52   0.10   0.02   0.051  2065
    sds PSIY   0.00 PSIZ   0.00      0.00    0.00    0.00    0.00    0.00    0.00    0.01   0.00   0.00



 *** WARNING *** No attempt will be made to measure overloaded reflections
 Use keywords PROFILE OVERLOAD to estimate overloads by profile fitting
 IMAGE  CCX   CCY  CCOM  DIST  YSCALE TILT TWIST ROFF  TOFF RESID WRESID FULL PART OVRL  NEG BAD  I/SIGI   I/SIGI Rsym Nsym SDRAT
                                                                                               overall (at 1.4A)
    21 -0.01 -0.06  -0.02 169.6 1.000  -21  -26  0.00  0.00 0.044    1.1    530  3605    2  686   0   19.2    1.6   0.310   12   2.5
    22 -0.02 -0.06   0.00 169.6 1.000  -20  -24  0.00  0.00 0.050    0.8    506  3464    2  630   0   16.1    1.2   0.126    4   1.8
    23 -0.02 -0.04   0.03 169.6 0.999  -19  -23  0.00  0.00 0.043    0.9    512  3468    0  645   1   16.4    0.2   0.032    4   1.5
    24 -0.02 -0.07  -0.04 169.6 1.000  -23  -21  0.00  0.00 0.051    1.0    521  3564    1  659   3   15.2    0.2   0.060   28   1.8
    25  0.00 -0.07   0.02 169.6 0.999  -17  -24  0.00  0.00 0.058    1.0    486  3488    1  661   0   17.4    1.4   0.000    0   0.0
    26 -0.02 -0.05  -0.01 169.6 1.000  -19  -27  0.00  0.00 0.037    0.8    509  3469    0  615   2   16.0    0.8   0.068   12   1.9
    27 -0.02 -0.05   0.02 169.6 0.999  -19  -27  0.00  0.00 0.060    0.8    545  3557    1  629   0   16.8    0.9   0.046    6   1.1
    28 -0.03 -0.08  -0.01 169.6 0.999  -23  -21  0.00  0.00 0.044    0.8    450  3518    0  602   1   14.6   -0.6   0.171    4   0.8
    29 -0.01 -0.05   0.01 169.6 1.000  -16  -24  0.00  0.00 0.048    1.0    522  3480    1  616   0   16.5    0.4   0.102    6   4.3
    30 -0.02 -0.05  -0.01 169.6 0.999  -20  -25  0.00  0.00 0.052    1.0    502  3624    0  659   0   18.6    1.7   0.065   10   2.4


 RESULTS OF POSTREFINEMENT
 Image     PHIX     PHIY     PHIZ        A        B        C      ALPHA     BETA    GAMMA   MOSAIC   DIVH   DIVV    Resid      NR
   21     -0.04    -0.05     0.01     51.62   51.62  157.60   90.00   90.00   90.00    0.52   0.10   0.02   0.052  2107
    sds PSIY   0.00 PSIZ   0.00      0.00    0.00    0.00    0.00    0.00    0.00    0.01   0.00   0.00
   22     -0.04    -0.05     0.01     51.62   51.62  157.60   90.00   90.00   90.00    0.52   0.10   0.02   0.052  2129
    sds PSIY   0.00 PSIZ   0.00      0.00    0.00    0.00    0.00    0.00    0.00    0.01   0.00   0.00
   23     -0.02    -0.02     0.01     51.62   51.62  157.60   90.00   90.00   90.00    0.52   0.10   0.02   0.052  2061
    sds PSIY   0.00 PSIZ   0.00      0.00    0.00    0.00    0.00    0.00    0.00    0.01   0.00   0.00
   24     -0.05    -0.04     0.01     51.62   51.62  157.60   90.00   90.00   90.00    0.52   0.10   0.02   0.051  2050
    sds PSIY   0.00 PSIZ   0.00      0.00    0.00    0.00    0.00    0.00    0.00    0.01   0.00   0.00
   25     -0.03    -0.04     0.01     51.62   51.62  157.60   90.00   90.00   90.00    0.52   0.10   0.02   0.051  2009
    sds PSIY   0.00 PSIZ   0.00      0.00    0.00    0.00    0.00    0.00    0.00    0.01   0.00   0.00
   26     -0.04    -0.04     0.01     51.62   51.62  157.60   90.00   90.00   90.00    0.52   0.10   0.02   0.050  2075
    sds PSIY   0.00 PSIZ   0.00      0.00    0.00    0.00    0.00    0.00    0.00    0.01   0.00   0.00
   27     -0.03    -0.03     0.01     51.62   51.62  157.60   90.00   90.00   90.00    0.52   0.10   0.02   0.050  2083
    sds PSIY   0.00 PSIZ   0.00      0.00    0.00    0.00    0.00    0.00    0.00    0.01   0.00   0.00
   28     -0.04    -0.03     0.02     51.62   51.62  157.60   90.00   90.00   90.00    0.52   0.10   0.02   0.051  2148
    sds PSIY   0.00 PSIZ   0.00      0.00    0.00    0.00    0.00    0.00    0.00    0.01   0.00   0.00
   29     -0.03    -0.03     0.01     51.62   51.62  157.60   90.00   90.00   90.00    0.52   0.10   0.02   0.051  2127
    sds PSIY   0.00 PSIZ   0.00      0.00    0.00    0.00    0.00    0.00    0.00    0.01   0.00   0.00
   30     -0.04    -0.03     0.02     51.62   51.62  157.60   90.00   90.00   90.00    0.52   0.10   0.02   0.052  2156
    sds PSIY   0.00 PSIZ   0.00      0.00    0.00    0.00    0.00    0.00    0.00    0.01   0.00   0.00



 *** WARNING *** No attempt will be made to measure overloaded reflections
 Use keywords PROFILE OVERLOAD to estimate overloads by profile fitting
 IMAGE  CCX   CCY  CCOM  DIST  YSCALE TILT TWIST ROFF  TOFF RESID WRESID FULL PART OVRL  NEG BAD  I/SIGI   I/SIGI Rsym Nsym SDRAT
                                                                                               overall (at 1.4A)
    31 -0.03 -0.04   0.01 169.6 0.999  -18  -25  0.00  0.00 0.042    1.0    564  3502    0  661   0   16.5   -0.5   0.074    2   0.7
    32 -0.03 -0.06  -0.02 169.6 0.999  -23  -23  0.00  0.00 0.055    0.8    435  3518    1  669   1   16.3   -1.0  -0.318    2   0.2
    33 -0.02 -0.08   0.00 169.5 0.999  -17  -23  0.00  0.00 0.049    0.9    469  3558    0  731   0   13.6   -0.4   0.299    4   2.0
    34 -0.02 -0.05   0.01 169.6 0.999  -18  -26  0.00  0.00 0.040    0.7    541  3569    0  721   1   15.4   -0.4   0.000    0   0.0
    35 -0.03 -0.05  -0.02 169.5 0.999  -24  -19  0.00  0.00 0.045    0.8    475  3615    0  683   1   17.3   -0.3   0.088    2   1.7
    36 -0.01 -0.04   0.02 169.6 0.998  -12  -29  0.00  0.00 0.057    0.7    486  3507    0  695   1   14.9   -0.3   0.000    0   0.0
    37 -0.01 -0.05   0.01 169.6 0.999  -13  -21  0.00  0.00 0.046    0.8    525  3445    1  686   0   12.4    0.4   0.310    2   1.0
    38 -0.04 -0.05  -0.01 169.5 0.999  -18  -25  0.00  0.00 0.043    0.9    466  3546    0  712   2   16.6    1.9   0.184    6   2.2
    39 -0.03 -0.07  -0.02 169.5 1.000  -22  -16  0.00  0.00 0.052    0.8    479  3619    1  697   0   13.7   -0.3   0.000    0   0.0
    40 -0.03 -0.04   0.02 169.5 0.999  -17  -28  0.00  0.00 0.046    0.9    519  3609    0  738   0   15.3   -0.3   0.077    4   2.1


 RESULTS OF POSTREFINEMENT
 Image     PHIX     PHIY     PHIZ        A        B        C      ALPHA     BETA    GAMMA   MOSAIC   DIVH   DIVV    Resid      NR
   31     -0.02    -0.03     0.02     51.62   51.62  157.60   90.00   90.00   90.00    0.53   0.10   0.02   0.051  2143
    sds PSIY   0.00 PSIZ   0.00      0.00    0.00    0.00    0.00    0.00    0.00    0.01   0.00   0.00
   32     -0.03    -0.05     0.02     51.62   51.62  157.60   90.00   90.00   90.00    0.53   0.10   0.02   0.052  2095
    sds PSIY   0.00 PSIZ   0.00      0.00    0.00    0.00    0.00    0.00    0.00    0.01   0.00   0.00
   33     -0.03    -0.05     0.02     51.62   51.62  157.60   90.00   90.00   90.00    0.53   0.10   0.02   0.051  2063
    sds PSIY   0.00 PSIZ   0.00      0.00    0.00    0.00    0.00    0.00    0.00    0.01   0.00   0.00
   34     -0.03    -0.04     0.02     51.62   51.62  157.60   90.00   90.00   90.00    0.53   0.10   0.02   0.051  1991
    sds PSIY   0.00 PSIZ   0.00      0.00    0.00    0.00    0.00    0.00    0.00    0.01   0.00   0.00
   35     -0.04    -0.05     0.02     51.62   51.62  157.60   90.00   90.00   90.00    0.53   0.10   0.02   0.049  2101
    sds PSIY   0.00 PSIZ   0.00      0.00    0.00    0.00    0.00    0.00    0.00    0.01   0.00   0.00
   36     -0.03    -0.03     0.03     51.62   51.62  157.60   90.00   90.00   90.00    0.53   0.10   0.02   0.049  2065
    sds PSIY   0.00 PSIZ   0.00      0.00    0.00    0.00    0.00    0.00    0.00    0.01   0.00   0.00
   37     -0.02    -0.03     0.03     51.62   51.62  157.60   90.00   90.00   90.00    0.53   0.10   0.02   0.051  2049
    sds PSIY   0.00 PSIZ   0.00      0.00    0.00    0.00    0.00    0.00    0.00    0.01   0.00   0.00
   38     -0.03    -0.04     0.02     51.62   51.62  157.60   90.00   90.00   90.00    0.54   0.10   0.02   0.054  1964
    sds PSIY   0.00 PSIZ   0.00      0.00    0.00    0.00    0.00    0.00    0.00    0.01   0.00   0.00
   39     -0.05    -0.05     0.03     51.62   51.62  157.60   90.00   90.00   90.00    0.54   0.10   0.02   0.056  1977
    sds PSIY   0.00 PSIZ   0.00      0.00    0.00    0.00    0.00    0.00    0.00    0.01   0.00   0.00
   40     -0.03    -0.04     0.03     51.62   51.62  157.60   90.00   90.00   90.00    0.54   0.10   0.02   0.054  2020
    sds PSIY   0.00 PSIZ   0.00      0.00    0.00    0.00    0.00    0.00    0.00    0.01   0.00   0.00



 *** WARNING *** No attempt will be made to measure overloaded reflections
 Use keywords PROFILE OVERLOAD to estimate overloads by profile fitting
 IMAGE  CCX   CCY  CCOM  DIST  YSCALE TILT TWIST ROFF  TOFF RESID WRESID FULL PART OVRL  NEG BAD  I/SIGI   I/SIGI Rsym Nsym SDRAT
                                                                                               overall (at 1.4A)
    41 -0.04 -0.06   0.01 169.5 0.999  -17  -21  0.00  0.00 0.084    0.8    487  3677    0  755   1   15.0    0.8   0.026    2   0.1
    42 -0.04 -0.04   0.03 169.5 1.000  -19  -23  0.00  0.00 0.068    0.8    448  3695    0  724   0   13.9    3.1   0.087    2   1.6
    43 -0.04 -0.05  -0.01 169.5 0.999  -21  -28  0.00  0.00 0.049    0.8    479  3582    0  705   0   15.3    1.5   0.000    0   0.0
    44 -0.02 -0.04  -0.01 169.5 0.999  -14  -28  0.00  0.00 0.052    0.8    505  3529    1  701   0   16.0    0.5   0.088    2   2.4
    45 -0.04 -0.05  -0.02 169.5 1.000  -23  -15  0.00  0.00 0.049    0.7    461  3554    0  756   0   13.6   -1.0   0.483    2   0.5
    46 -0.03 -0.05   0.01 169.5 0.999  -17  -24  0.00  0.00 0.057    0.9    458  3605    1  697   1   14.1    0.2   0.081    6   2.3
    47 -0.03 -0.04   0.00 169.5 0.999  -16  -21  0.00  0.00 0.042    0.8    446  3613    1  755   1   14.9    1.3   0.046    2   1.8
    48 -0.03 -0.05   0.01 169.5 0.999  -15  -24  0.00  0.00 0.049    0.7    466  3621    0  743   0   17.2    1.3   0.060    2   2.0
    49 -0.04 -0.04   0.00 169.5 0.999  -17  -24  0.00  0.00 0.046    0.8    463  3624    1  730   0   16.3    1.1  -2.616    2   0.8
    50 -0.05 -0.06  -0.01 169.5 0.999  -20  -26  0.00  0.00 0.058    0.8    451  3615    0  745   0   14.1    0.1   0.000    0   0.0


 RESULTS OF POSTREFINEMENT
 Image     PHIX     PHIY     PHIZ        A        B        C      ALPHA     BETA    GAMMA   MOSAIC   DIVH   DIVV    Resid      NR
   41     -0.04    -0.04     0.03     51.62   51.62  157.60   90.00   90.00   90.00    0.54   0.10   0.02   0.054  2062
    sds PSIY   0.00 PSIZ   0.00      0.00    0.00    0.00    0.00    0.00    0.00    0.01   0.00   0.00
   42     -0.02    -0.03     0.03     51.62   51.62  157.60   90.00   90.00   90.00    0.54   0.10   0.02   0.052  2069
    sds PSIY   0.00 PSIZ   0.00      0.00    0.00    0.00    0.00    0.00    0.00    0.01   0.00   0.00
   43     -0.03    -0.04     0.04     51.62   51.62  157.60   90.00   90.00   90.00    0.54   0.10   0.02   0.052  2102
    sds PSIY   0.00 PSIZ   0.00      0.00    0.00    0.00    0.00    0.00    0.00    0.01   0.00   0.00
   44     -0.04    -0.03     0.04     51.62   51.62  157.60   90.00   90.00   90.00    0.54   0.10   0.02   0.054  2088
    sds PSIY   0.00 PSIZ   0.00      0.00    0.00    0.00    0.00    0.00    0.00    0.01   0.00   0.00
   45     -0.05    -0.05     0.04     51.62   51.62  157.60   90.00   90.00   90.00    0.54   0.10   0.02   0.057  2039
    sds PSIY   0.00 PSIZ   0.00      0.00    0.00    0.00    0.00    0.00    0.00    0.01   0.00   0.00
   46     -0.04    -0.04     0.03     51.62   51.62  157.60   90.00   90.00   90.00    0.54   0.10   0.02   0.057  1979
    sds PSIY   0.00 PSIZ   0.00      0.00    0.00    0.00    0.00    0.00    0.00    0.01   0.00   0.00
   47     -0.04    -0.04     0.03     51.62   51.62  157.60   90.00   90.00   90.00    0.54   0.10   0.02   0.055  2015
    sds PSIY   0.00 PSIZ   0.00      0.00    0.00    0.00    0.00    0.00    0.00    0.01   0.00   0.00
   48     -0.03    -0.03     0.04     51.62   51.62  157.60   90.00   90.00   90.00    0.54   0.10   0.02   0.055  2060
    sds PSIY   0.00 PSIZ   0.00      0.00    0.00    0.00    0.00    0.00    0.00    0.01   0.00   0.00
   49     -0.03    -0.04     0.04     51.62   51.62  157.60   90.00   90.00   90.00    0.54   0.10   0.02   0.055  2058
    sds PSIY   0.00 PSIZ   0.00      0.00    0.00    0.00    0.00    0.00    0.00    0.01   0.00   0.00
   50     -0.05    -0.03     0.05     51.62   51.62  157.60   90.00   90.00   90.00    0.54   0.10   0.02   0.054  2059
    sds PSIY   0.00 PSIZ   0.00      0.00    0.00    0.00    0.00    0.00    0.00    0.01   0.00   0.00



 *** WARNING *** No attempt will be made to measure overloaded reflections
 Use keywords PROFILE OVERLOAD to estimate overloads by profile fitting
 IMAGE  CCX   CCY  CCOM  DIST  YSCALE TILT TWIST ROFF  TOFF RESID WRESID FULL PART OVRL  NEG BAD  I/SIGI   I/SIGI Rsym Nsym SDRAT
                                                                                               overall (at 1.4A)
    51 -0.04 -0.02  -0.01 169.5 1.000  -15  -31  0.00  0.00 0.060    0.8    477  3526    1  727   2   14.8   -0.2   0.048    2   0.2
    52 -0.04 -0.04   0.01 169.5 0.999  -17  -31  0.00  0.00 0.052    0.7    472  3582    0  718   1   14.0   -0.3   0.029    2   0.1
    53 -0.06 -0.04  -0.01 169.5 0.999  -24  -25  0.00  0.00 0.056    0.6    439  3726    3  811   1   14.0    0.5   0.000    0   0.0
    54 -0.07 -0.03   0.01 169.5 0.999  -26  -13  0.00  0.00 0.049    1.0    424  3811    1  756   2   12.8   -1.4   0.219    2   1.5
    55 -0.05 -0.02  -0.01 169.5 1.000  -21  -25  0.00  0.00 0.054    0.8    454  3724    0  768   0   15.7   -0.2   0.000    0   0.0
    56 -0.04 -0.03   0.00 169.5 0.999  -19  -30  0.00  0.00 0.046    0.9    460  3693    0  764   0   15.0   -0.5   0.057    2   1.6
    57 -0.05 -0.04  -0.02 169.4 1.000  -20  -23  0.00  0.00 0.049    0.8    451  3696    1  791   3   14.0    0.6   0.000    0   0.0
    58 -0.03 -0.03   0.01 169.5 0.999  -15  -33  0.00  0.00 0.070    0.8    422  3638    1  800   2   13.3   -1.2  -1.293    2   0.5
    59 -0.04 -0.05  -0.01 169.4 1.000  -18  -22  0.00  0.00 0.058    0.9    443  3569    1  772   0   11.3    1.3   0.000    0   0.0
    60 -0.03 -0.06   0.01 169.5 0.998  -13  -16  0.00  0.00 0.062    1.1    438  3692    0  765   1   13.2    0.2   0.148    2   1.3


 RESULTS OF POSTREFINEMENT
 Image     PHIX     PHIY     PHIZ        A        B        C      ALPHA     BETA    GAMMA   MOSAIC   DIVH   DIVV    Resid      NR
   51     -0.04    -0.03     0.05     51.62   51.62  157.60   90.00   90.00   90.00    0.54   0.10   0.02   0.052  2021
    sds PSIY   0.00 PSIZ   0.00      0.00    0.00    0.00    0.00    0.00    0.00    0.01   0.00   0.00
   52     -0.03    -0.03     0.05     51.62   51.62  157.60   90.00   90.00   90.00    0.54   0.10   0.02   0.055  1954
    sds PSIY   0.00 PSIZ   0.00      0.00    0.00    0.00    0.00    0.00    0.00    0.01   0.00   0.00
   53     -0.04    -0.03     0.05     51.62   51.62  157.60   90.00   90.00   90.00    0.55   0.10   0.02   0.057  1877
    sds PSIY   0.00 PSIZ   0.00      0.00    0.00    0.00    0.00    0.00    0.00    0.01   0.00   0.00
   54     -0.04    -0.03     0.04     51.62   51.62  157.60   90.00   90.00   90.00    0.55   0.10   0.02   0.058  1983
    sds PSIY   0.00 PSIZ   0.00      0.00    0.00    0.00    0.00    0.00    0.00    0.01   0.00   0.00
   55     -0.04    -0.03     0.04     51.62   51.62  157.60   90.00   90.00   90.00    0.55   0.10   0.02   0.055  2026
    sds PSIY   0.00 PSIZ   0.00      0.00    0.00    0.00    0.00    0.00    0.00    0.01   0.00   0.00
   56     -0.04    -0.03     0.05     51.62   51.62  157.60   90.00   90.00   90.00    0.54   0.10   0.02   0.054  2046
    sds PSIY   0.00 PSIZ   0.00      0.00    0.00    0.00    0.00    0.00    0.00    0.01   0.00   0.00
   57     -0.06    -0.03     0.05     51.62   51.62  157.60   90.00   90.00   90.00    0.54   0.10   0.02   0.055  1987
    sds PSIY   0.00 PSIZ   0.00      0.00    0.00    0.00    0.00    0.00    0.00    0.01   0.00   0.00
   58     -0.05    -0.02     0.05     51.62   51.62  157.60   90.00   90.00   90.00    0.55   0.10   0.02   0.056  1952
    sds PSIY   0.00 PSIZ   0.00      0.00    0.00    0.00    0.00    0.00    0.00    0.01   0.00   0.00
   59     -0.06    -0.02     0.05     51.62   51.62  157.60   90.00   90.00   90.00    0.55   0.10   0.02   0.056  1902
    sds PSIY   0.00 PSIZ   0.00      0.00    0.00    0.00    0.00    0.00    0.00    0.01   0.00   0.00
   60     -0.04    -0.02     0.05     51.62   51.62  157.60   90.00   90.00   90.00    0.55   0.10   0.02   0.057  1867
    sds PSIY   0.00 PSIZ   0.00      0.00    0.00    0.00    0.00    0.00    0.00    0.01   0.00   0.00


 *** For information only. ***

 PARTIALS INCLUDED IN POSITIONAL REFINEMENT AND PROFILES
 =======================================================
 Because there were rather few fully recorded reflections in the central region
 of the first image, partials have been included both in the positional
 refinement and in profile formation.
 (The minimum number (eg 20) is set by keywords: REFINEMENT NREF 20 )
 This is equivalent to including keywords:
 REFINEMENT INCLUDE PARTIALS 0.50
 PROFILE PARTIALS


 *** Warning messages ***

 AVERAGING OF STANDARD PROFILES
 ==============================
 Profile averaging has been performed for some of the standard profiles.
 If possible this should be avoided, eg by accumulating the profiles
 over more images (BLOCK parameter on PROCESS keyword).
 Do not attempt to process spots that are not really there !
 If profiles are being averaged because the RMSBG is too high, but 
 this is because of diffuse scatter, it is best to increase the maximum 
 allowed RMSBG (default value 20.0): PROFILE RMSBG 25 (for example).

 LARGE ERROR IN YSCALE PARAMETER
 ===============================
 YSCALE differs from the default value by a maximum of  0.0011
 YSCALE determines the relative pixel size in the fast changing direction in
 the image. For detectors with equal pixel sizes in X and Y it should be unity.
 (R-axis detectors are an exception to this).
 Significantly different values of YSCALE usually indicate errors in cell
 parameters which are being compensated by changing YSCALE. If YSCALE changes
 as a function of rotation angle this is almost certainly the reason.
 Try getting better cell parameters using the POSTREF SEGMENT option.
 If the images contain a lot of diffuse scatter, then the range of
 partiality of reflections included in post-refinement should be restricted:
 eg POSTREF FRMIN 0.4 FRMAX 0.6
 to only use reflection between 0.4 and 0.6 recorded. This can
 improve the cell parameters and give YSCAL values closer to the correct value.


 POOR PROFILES IN SOME AREAS
 ===========================
 For  3 profiles the correlation coefficient with the central profile is less than 0.5.
 Smallest correlation coefficient is 0.28
 Possible reasons are:
 1) Very weak diffraction (consider cutting back the resolution)
 2) Errors in cell parameters (check DELX, DELY for the standard profiles).
 3) Genuine variation due to high obliquity (for example).
 4) Presence of zingers or spots from an ice or salt crystal which are much
 stronger than the protein spots. Sometimes these can be rejected using
 the PROFILE CUTOFF keywords.

 A low correlation does NOT necessarily mean that the processing needs to be changed.

 The image number, profile box number and correlation coefficient for
 up to the first 6 occurences are:
   ID BOX CORRLN     ID BOX CORRLN     ID BOX CORRLN     ID BOX CORRLN   
   51  16   0.28     51  22   0.46     51  23   0.50
 $TABLE: Refined detector parameters:
 $GRAPHS :Camera constants CCX CCY (mm) CCOM (deg) v image:A:1,2,3,4:  
 :Distance (mm) v image:A:1,5:
 :Yscale v image:A:1,6:
 :Tilt and twist (hundredths of deg) v image:A:1,7,8:
 :ROFF and TOFF (mm) v image:A:1,9,10:
 :Positional error (mm) and weighted error v image:A:1,11,12:
 :I/sig(I) overall and outer v image:N:1,18,19:
 :Rsym v image:N:1,20:  
 :SDratio v image:N:1,22:  
 :Number of overloads and badspots v image:A:1,15,17: $$
 IMAGE   CCX   CCY   CCOM  DIST YSCAL TILT TWIST ROFF  TOFF RESID  WRESID  FULL  PART OVRL  NEG BAD I/sigI I/sgI_out Rsym Nsym SDRAT $$ $$
     1 -0.02 -0.03   0.02 169.7 0.999  -20  -32  0.00  0.00 0.043    1.1    566  3401    2  546   3   17.3    1.7   0.104   64   2.8                  
     2 -0.01 -0.05   0.02 169.7 0.999  -22  -26  0.00  0.00 0.032    0.7    584  3352    1  616   4   18.1    0.8   0.054   94   3.0                  
     3  0.00 -0.05   0.00 169.7 0.999  -13  -32  0.00  0.00 0.040    0.6    481  3563    2  625   3   16.9    1.0   0.086   88   3.2                  
     4 -0.01 -0.04   0.00 169.7 0.999  -18  -31  0.00  0.00 0.041    0.8    477  3553    2  628   1   17.6    0.9   0.071  174   2.5                  
     5 -0.02 -0.04  -0.01 169.7 0.999  -22  -22  0.00  0.00 0.036    1.0    455  3580    1  671   1   15.4    0.1   0.094  198   2.8                  
     6 -0.01 -0.05   0.00 169.7 1.000  -17  -25  0.00  0.00 0.038    1.1    484  3568    2  609   0   17.5    0.8   0.092  150   2.8                  
     7 -0.02 -0.07  -0.01 169.6 1.000  -27  -20  0.00  0.00 0.036    0.7    526  3519    1  579   2   17.7    0.7   0.073  124   2.5                  
     8 -0.01 -0.04   0.01 169.7 0.999  -18  -32  0.00  0.00 0.040    0.9    500  3528    3  629   6   18.0   -0.9   0.110   78   2.4                  
     9 -0.01 -0.06  -0.01 169.6 0.999  -25  -23  0.00  0.00 0.048    1.1    458  3608    0  647   0   17.5    2.3   0.055   18   1.7                  
    10 -0.01 -0.07   0.02 169.7 0.999  -17  -26  0.00  0.00 0.045    0.9    490  3578    0  611   0   14.3    2.2   0.075   44   1.5                  
    11  0.00 -0.04   0.02 169.7 0.999  -15  -32  0.00  0.00 0.052    0.9    469  3567    0  642   1   17.5    1.8   0.019   14   3.9                  
    12 -0.02 -0.02   0.00 169.7 0.999  -20  -31  0.00  0.00 0.044    0.7    495  3519    1  656   0   15.2    0.0   0.078   32   1.2                  
    13 -0.02 -0.04   0.00 169.6 0.999  -21  -26  0.00  0.00 0.039    0.7    481  3498    0  662   1   15.0    0.2   0.120   24   1.8                  
    14 -0.01 -0.04  -0.01 169.7 0.999  -17  -31  0.00  0.00 0.036    0.6    539  3549    0  599   1   17.2    1.1   0.071   40   2.3                  
    15 -0.01 -0.03   0.00 169.7 1.000  -16  -33  0.00  0.00 0.047    1.2    546  3503    1  643   1   16.3   -1.9   0.077   58   2.7                  
    16 -0.01 -0.07  -0.02 169.6 0.999  -24  -19  0.00  0.00 0.047    0.9    505  3448    1  624   3   13.9    0.8   0.088   34   1.6                  
    17 -0.01 -0.06   0.02 169.6 0.999  -18  -25  0.00  0.00 0.045    0.9    526  3457    1  620   2   14.4    0.6   0.151   28   1.0                  
    18 -0.03 -0.05  -0.01 169.6 0.999  -26  -37  0.00  0.00 0.050    1.0    524  3501    1  647   0   16.3    1.0   0.070   18   1.9                  
    19 -0.03 -0.03   0.01 169.7 0.999  -23  -32  0.00  0.00 0.057    1.0    507  3519    2  651   4   16.0    1.7   0.031   14   1.3                  
    20 -0.02 -0.04   0.00 169.6 0.999  -17  -30  0.00  0.00 0.042    0.8    459  3518    1  671   1   18.0    0.0   0.092    2   3.1                  
    21 -0.01 -0.06  -0.02 169.6 1.000  -21  -26  0.00  0.00 0.044    1.1    530  3605    2  686   0   19.2    1.6   0.310   12   2.5                  
    22 -0.02 -0.06   0.00 169.6 1.000  -20  -24  0.00  0.00 0.050    0.8    506  3464    2  630   0   16.1    1.2   0.126    4   1.8                  
    23 -0.02 -0.04   0.03 169.6 0.999  -19  -23  0.00  0.00 0.043    0.9    512  3468    0  645   1   16.4    0.2   0.032    4   1.5                  
    24 -0.02 -0.07  -0.04 169.6 1.000  -23  -21  0.00  0.00 0.051    1.0    521  3564    1  659   3   15.2    0.2   0.060   28   1.8                  
    25  0.00 -0.07   0.02 169.6 0.999  -17  -24  0.00  0.00 0.058    1.0    486  3488    1  661   0   17.4    1.4   0.000    0   0.0                  
    26 -0.02 -0.05  -0.01 169.6 1.000  -19  -27  0.00  0.00 0.037    0.8    509  3469    0  615   2   16.0    0.8   0.068   12   1.9                  
    27 -0.02 -0.05   0.02 169.6 0.999  -19  -27  0.00  0.00 0.060    0.8    545  3557    1  629   0   16.8    0.9   0.046    6   1.1                  
    28 -0.03 -0.08  -0.01 169.6 0.999  -23  -21  0.00  0.00 0.044    0.8    450  3518    0  602   1   14.6   -0.6   0.171    4   0.8                  
    29 -0.01 -0.05   0.01 169.6 1.000  -16  -24  0.00  0.00 0.048    1.0    522  3480    1  616   0   16.5    0.4   0.102    6   4.3                  
    30 -0.02 -0.05  -0.01 169.6 0.999  -20  -25  0.00  0.00 0.052    1.0    502  3624    0  659   0   18.6    1.7   0.065   10   2.4                  
    31 -0.03 -0.04   0.01 169.6 0.999  -18  -25  0.00  0.00 0.042    1.0    564  3502    0  661   0   16.5   -0.5   0.074    2   0.7                  
    32 -0.03 -0.06  -0.02 169.6 0.999  -23  -23  0.00  0.00 0.055    0.8    435  3518    1  669   1   16.3   -1.0  -0.318    2   0.2                  
    33 -0.02 -0.08   0.00 169.5 0.999  -17  -23  0.00  0.00 0.049    0.9    469  3558    0  731   0   13.6   -0.4   0.299    4   2.0                  
    34 -0.02 -0.05   0.01 169.6 0.999  -18  -26  0.00  0.00 0.040    0.7    541  3569    0  721   1   15.4   -0.4   0.000    0   0.0                  
    35 -0.03 -0.05  -0.02 169.5 0.999  -24  -19  0.00  0.00 0.045    0.8    475  3615    0  683   1   17.3   -0.3   0.088    2   1.7                  
    36 -0.01 -0.04   0.02 169.6 0.998  -12  -29  0.00  0.00 0.057    0.7    486  3507    0  695   1   14.9   -0.3   0.000    0   0.0                  
    37 -0.01 -0.05   0.01 169.6 0.999  -13  -21  0.00  0.00 0.046    0.8    525  3445    1  686   0   12.4    0.4   0.310    2   1.0                  
    38 -0.04 -0.05  -0.01 169.5 0.999  -18  -25  0.00  0.00 0.043    0.9    466  3546    0  712   2   16.6    1.9   0.184    6   2.2                  
    39 -0.03 -0.07  -0.02 169.5 1.000  -22  -16  0.00  0.00 0.052    0.8    479  3619    1  697   0   13.7   -0.3   0.000    0   0.0                  
    40 -0.03 -0.04   0.02 169.5 0.999  -17  -28  0.00  0.00 0.046    0.9    519  3609    0  738   0   15.3   -0.3   0.077    4   2.1                  
    41 -0.04 -0.06   0.01 169.5 0.999  -17  -21  0.00  0.00 0.084    0.8    487  3677    0  755   1   15.0    0.8   0.026    2   0.1                  
    42 -0.04 -0.04   0.03 169.5 1.000  -19  -23  0.00  0.00 0.068    0.8    448  3695    0  724   0   13.9    3.1   0.087    2   1.6                  
    43 -0.04 -0.05  -0.01 169.5 0.999  -21  -28  0.00  0.00 0.049    0.8    479  3582    0  705   0   15.3    1.5   0.000    0   0.0                  
    44 -0.02 -0.04  -0.01 169.5 0.999  -14  -28  0.00  0.00 0.052    0.8    505  3529    1  701   0   16.0    0.5   0.088    2   2.4                  
    45 -0.04 -0.05  -0.02 169.5 1.000  -23  -15  0.00  0.00 0.049    0.7    461  3554    0  756   0   13.6   -1.0   0.483    2   0.5                  
    46 -0.03 -0.05   0.01 169.5 0.999  -17  -24  0.00  0.00 0.057    0.9    458  3605    1  697   1   14.1    0.2   0.081    6   2.3                  
    47 -0.03 -0.04   0.00 169.5 0.999  -16  -21  0.00  0.00 0.042    0.8    446  3613    1  755   1   14.9    1.3   0.046    2   1.8                  
    48 -0.03 -0.05   0.01 169.5 0.999  -15  -24  0.00  0.00 0.049    0.7    466  3621    0  743   0   17.2    1.3   0.060    2   2.0                  
    49 -0.04 -0.04   0.00 169.5 0.999  -17  -24  0.00  0.00 0.046    0.8    463  3624    1  730   0   16.3    1.1  -2.616    2   0.8                  
    50 -0.05 -0.06  -0.01 169.5 0.999  -20  -26  0.00  0.00 0.058    0.8    451  3615    0  745   0   14.1    0.1   0.000    0   0.0                  
    51 -0.04 -0.02  -0.01 169.5 1.000  -15  -31  0.00  0.00 0.060    0.8    477  3526    1  727   2   14.8   -0.2   0.048    2   0.2                  
    52 -0.04 -0.04   0.01 169.5 0.999  -17  -31  0.00  0.00 0.052    0.7    472  3582    0  718   1   14.0   -0.3   0.029    2   0.1                  
    53 -0.06 -0.04  -0.01 169.5 0.999  -24  -25  0.00  0.00 0.056    0.6    439  3726    3  811   1   14.0    0.5   0.000    0   0.0                  
    54 -0.07 -0.03   0.01 169.5 0.999  -26  -13  0.00  0.00 0.049    1.0    424  3811    1  756   2   12.8   -1.4   0.219    2   1.5                  
    55 -0.05 -0.02  -0.01 169.5 1.000  -21  -25  0.00  0.00 0.054    0.8    454  3724    0  768   0   15.7   -0.2   0.000    0   0.0                  
    56 -0.04 -0.03   0.00 169.5 0.999  -19  -30  0.00  0.00 0.046    0.9    460  3693    0  764   0   15.0   -0.5   0.057    2   1.6                  
    57 -0.05 -0.04  -0.02 169.4 1.000  -20  -23  0.00  0.00 0.049    0.8    451  3696    1  791   3   14.0    0.6   0.000    0   0.0                  
    58 -0.03 -0.03   0.01 169.5 0.999  -15  -33  0.00  0.00 0.070    0.8    422  3638    1  800   2   13.3   -1.2  -1.293    2   0.5                  
    59 -0.04 -0.05  -0.01 169.4 1.000  -18  -22  0.00  0.00 0.058    0.9    443  3569    1  772   0   11.3    1.3   0.000    0   0.0                  
    60 -0.03 -0.06   0.01 169.5 0.998  -13  -16  0.00  0.00 0.062    1.1    438  3692    0  765   1   13.2    0.2   0.148    2   1.3                  
 $$
  $TABLE: Post refinement:
 $GRAPHS :Missets phix phiy phiz v image:A:1,2,3,4:  
 :Cell parameters A,B,C v image:A:1,5,6,7:  
 :Cell angles alpha beta gamma v image:A:1,8,9,10:  
 :Mosaic spread v image:A:1,11:  
 :Beam divergences v image:A:1,12,13: $$  
 Image     PHIX     PHIY     PHIZ        A        B        C      ALPHA     BETA    GAMMA   MOSAIC   DIVH   DIVV    Resid      NR $$ $$
    2     -0.01    -0.02     0.01     51.62   51.62  157.60   90.00   90.00   90.00    0.54   0.10   0.02   0.045   613                               
    3     -0.01    -0.03     0.00     51.62   51.62  157.60   90.00   90.00   90.00    0.53   0.10   0.02   0.047  1263                               
    4     -0.01    -0.03     0.00     51.62   51.62  157.60   90.00   90.00   90.00    0.53   0.10   0.02   0.048  1964                               
    5     -0.02    -0.04     0.00     51.62   51.62  157.60   90.00   90.00   90.00    0.53   0.10   0.02   0.049  2048                               
    6     -0.02    -0.03     0.00     51.62   51.62  157.60   90.00   90.00   90.00    0.53   0.10   0.02   0.049  2110                               
    7     -0.02    -0.04     0.00     51.62   51.62  157.60   90.00   90.00   90.00    0.52   0.10   0.02   0.048  2105                               
    8     -0.02    -0.03     0.00     51.62   51.62  157.60   90.00   90.00   90.00    0.52   0.10   0.02   0.049  2105                               
    9     -0.02    -0.05     0.00     51.62   51.62  157.60   90.00   90.00   90.00    0.52   0.10   0.02   0.051  2108                               
   10     -0.01    -0.03    -0.01     51.62   51.62  157.60   90.00   90.00   90.00    0.52   0.10   0.02   0.051  2176                               
   11     -0.02    -0.03     0.00     51.62   51.62  157.60   90.00   90.00   90.00    0.52   0.10   0.02   0.051  2202                               
   12     -0.02    -0.03     0.00     51.62   51.62  157.60   90.00   90.00   90.00    0.52   0.10   0.02   0.049  2212                               
   13     -0.01    -0.03    -0.01     51.62   51.62  157.60   90.00   90.00   90.00    0.52   0.10   0.02   0.049  2112                               
   14     -0.02    -0.04     0.00     51.62   51.62  157.60   90.00   90.00   90.00    0.52   0.10   0.02   0.048  2075                               
   15     -0.02    -0.03     0.00     51.62   51.62  157.60   90.00   90.00   90.00    0.52   0.10   0.02   0.049  2052                               
   16     -0.04    -0.05     0.00     51.62   51.62  157.60   90.00   90.00   90.00    0.52   0.10   0.02   0.048  2069                               
   17     -0.02    -0.03     0.01     51.62   51.62  157.60   90.00   90.00   90.00    0.52   0.10   0.02   0.046  2051                               
   18     -0.02    -0.04     0.01     51.62   51.62  157.60   90.00   90.00   90.00    0.52   0.10   0.02   0.047  2033                               
   19     -0.02    -0.03     0.01     51.62   51.62  157.60   90.00   90.00   90.00    0.52   0.10   0.02   0.049  2047                               
   20     -0.02    -0.03     0.00     51.62   51.62  157.60   90.00   90.00   90.00    0.52   0.10   0.02   0.051  2065                               
   21     -0.04    -0.05     0.01     51.62   51.62  157.60   90.00   90.00   90.00    0.52   0.10   0.02   0.052  2107                               
   22     -0.04    -0.05     0.01     51.62   51.62  157.60   90.00   90.00   90.00    0.52   0.10   0.02   0.052  2129                               
   23     -0.02    -0.02     0.01     51.62   51.62  157.60   90.00   90.00   90.00    0.52   0.10   0.02   0.052  2061                               
   24     -0.05    -0.04     0.01     51.62   51.62  157.60   90.00   90.00   90.00    0.52   0.10   0.02   0.051  2050                               
   25     -0.03    -0.04     0.01     51.62   51.62  157.60   90.00   90.00   90.00    0.52   0.10   0.02   0.051  2009                               
   26     -0.04    -0.04     0.01     51.62   51.62  157.60   90.00   90.00   90.00    0.52   0.10   0.02   0.050  2075                               
   27     -0.03    -0.03     0.01     51.62   51.62  157.60   90.00   90.00   90.00    0.52   0.10   0.02   0.050  2083                               
   28     -0.04    -0.03     0.02     51.62   51.62  157.60   90.00   90.00   90.00    0.52   0.10   0.02   0.051  2148                               
   29     -0.03    -0.03     0.01     51.62   51.62  157.60   90.00   90.00   90.00    0.52   0.10   0.02   0.051  2127                               
   30     -0.04    -0.03     0.02     51.62   51.62  157.60   90.00   90.00   90.00    0.52   0.10   0.02   0.052  2156                               
   31     -0.02    -0.03     0.02     51.62   51.62  157.60   90.00   90.00   90.00    0.53   0.10   0.02   0.051  2143                               
   32     -0.03    -0.05     0.02     51.62   51.62  157.60   90.00   90.00   90.00    0.53   0.10   0.02   0.052  2095                               
   33     -0.03    -0.05     0.02     51.62   51.62  157.60   90.00   90.00   90.00    0.53   0.10   0.02   0.051  2063                               
   34     -0.03    -0.04     0.02     51.62   51.62  157.60   90.00   90.00   90.00    0.53   0.10   0.02   0.051  1991                               
   35     -0.04    -0.05     0.02     51.62   51.62  157.60   90.00   90.00   90.00    0.53   0.10   0.02   0.049  2101                               
   36     -0.03    -0.03     0.03     51.62   51.62  157.60   90.00   90.00   90.00    0.53   0.10   0.02   0.049  2065                               
   37     -0.02    -0.03     0.03     51.62   51.62  157.60   90.00   90.00   90.00    0.53   0.10   0.02   0.051  2049                               
   38     -0.03    -0.04     0.02     51.62   51.62  157.60   90.00   90.00   90.00    0.54   0.10   0.02   0.054  1964                               
   39     -0.05    -0.05     0.03     51.62   51.62  157.60   90.00   90.00   90.00    0.54   0.10   0.02   0.056  1977                               
   40     -0.03    -0.04     0.03     51.62   51.62  157.60   90.00   90.00   90.00    0.54   0.10   0.02   0.054  2020                               
   41     -0.04    -0.04     0.03     51.62   51.62  157.60   90.00   90.00   90.00    0.54   0.10   0.02   0.054  2062                               
   42     -0.02    -0.03     0.03     51.62   51.62  157.60   90.00   90.00   90.00    0.54   0.10   0.02   0.052  2069                               
   43     -0.03    -0.04     0.04     51.62   51.62  157.60   90.00   90.00   90.00    0.54   0.10   0.02   0.052  2102                               
   44     -0.04    -0.03     0.04     51.62   51.62  157.60   90.00   90.00   90.00    0.54   0.10   0.02   0.054  2088                               
   45     -0.05    -0.05     0.04     51.62   51.62  157.60   90.00   90.00   90.00    0.54   0.10   0.02   0.057  2039                               
   46     -0.04    -0.04     0.03     51.62   51.62  157.60   90.00   90.00   90.00    0.54   0.10   0.02   0.057  1979                               
   47     -0.04    -0.04     0.03     51.62   51.62  157.60   90.00   90.00   90.00    0.54   0.10   0.02   0.055  2015                               
   48     -0.03    -0.03     0.04     51.62   51.62  157.60   90.00   90.00   90.00    0.54   0.10   0.02   0.055  2060                               
   49     -0.03    -0.04     0.04     51.62   51.62  157.60   90.00   90.00   90.00    0.54   0.10   0.02   0.055  2058                               
   50     -0.05    -0.03     0.05     51.62   51.62  157.60   90.00   90.00   90.00    0.54   0.10   0.02   0.054  2059                               
   51     -0.04    -0.03     0.05     51.62   51.62  157.60   90.00   90.00   90.00    0.54   0.10   0.02   0.052  2021                               
   52     -0.03    -0.03     0.05     51.62   51.62  157.60   90.00   90.00   90.00    0.54   0.10   0.02   0.055  1954                               
   53     -0.04    -0.03     0.05     51.62   51.62  157.60   90.00   90.00   90.00    0.55   0.10   0.02   0.057  1877                               
   54     -0.04    -0.03     0.04     51.62   51.62  157.60   90.00   90.00   90.00    0.55   0.10   0.02   0.058  1983                               
   55     -0.04    -0.03     0.04     51.62   51.62  157.60   90.00   90.00   90.00    0.55   0.10   0.02   0.055  2026                               
   56     -0.04    -0.03     0.05     51.62   51.62  157.60   90.00   90.00   90.00    0.54   0.10   0.02   0.054  2046                               
   57     -0.06    -0.03     0.05     51.62   51.62  157.60   90.00   90.00   90.00    0.54   0.10   0.02   0.055  1987                               
   58     -0.05    -0.02     0.05     51.62   51.62  157.60   90.00   90.00   90.00    0.55   0.10   0.02   0.056  1952                               
   59     -0.06    -0.02     0.05     51.62   51.62  157.60   90.00   90.00   90.00    0.55   0.10   0.02   0.056  1902                               
   60     -0.04    -0.02     0.05     51.62   51.62  157.60   90.00   90.00   90.00    0.55   0.10   0.02   0.057  1867                               
 $$
