1.84 100.0  2.1   3.4 0.1600 0.2347 0.68
1.85  99.7  2.8   1.3 0.7490 0.6138 1.22
2.40  97.5  3.6   3.2 0.3250 0.2493 1.30
1.99  98.8  8.8   3.0 0.7170 0.2660 2.70
2.49  29.2  1.3   3.2 0.1530 0.2501 0.61
2.06 100.0  5.4   2.2 0.8640 0.3627 2.38
1.73 100.0  3.8   2.8 0.6270 0.2850 2.20
1.93  90.4  2.6   1.5 0.6590 0.5355 1.23
1.75  63.9  1.7   2.3 0.3390 0.3469 0.98
1.70  73.1  2.0   2.5 0.2780 0.3257 0.85
2.00  90.7  3.0  10.2 0.1090 0.0782 1.39
2.50  93.3  3.0   2.3 0.7270 0.3469 2.10
2.18  75.5  3.3   1.5 0.5740 0.5284 1.09
2.30  84.4  2.8   1.3 0.5530 0.6045 0.91
2.50 100.0  4.0   2.8 0.4480 0.2850 1.57
2.10  53.1  1.5   4.3 0.1970 0.1856 1.06
1.10  95.4  7.5  15.8 0.0750 0.0503 1.49
2.10  94.0 10.0  10.0 0.2100 0.0798 2.63
2.85  97.3  3.3   3.6 0.3620 0.2216 1.63
1.05  99.7  6.0  20.0 0.2390 0.0399 5.99
2.00  99.0  3.3   2.3 0.3000 0.3469 0.86
2.15  87.9  2.2   2.3 0.3200 0.3469 0.92
2.08  92.3  2.1   2.7 0.2700 0.2955 0.91
2.20  93.0  1.3   5.8 0.1430 0.1369 1.04
2.10  83.7  0.6  10.7 0.0610 0.0744 0.82
1.90  85.9  3.0   1.9 0.4640 0.4290 1.08
1.58  96.6  4.6   7.3 0.1810 0.1093 1.66
1.90 100.0  4.1   3.9 0.3800 0.2046 1.86
2.10  92.4  3.1   5.9 0.1460 0.1352 1.08
1.80  77.7  1.7   2.0 0.1760 0.3990 0.44
1.90  95.1  3.4   3.3 0.2910 0.2418 1.20
1.75 100.0  5.5   4.1 0.3780 0.1941 1.95
2.27  98.4  3.9   3.6 0.4660 0.2223 2.10
1.97  99.2  9.6   5.5 0.4570 0.1440 3.17
1.80  98.8  3.1   3.1 0.2800 0.2574 1.09
1.33  93.2  3.9   4.5 0.2860 0.1773 1.61
1.50 100.0  5.5   7.7 0.1890 0.1036 1.82
2.02  98.9  4.3   3.4 0.2780 0.2347 1.18
1.20  99.0  5.1   4.6 0.3290 0.1735 1.90
2.10  89.9  4.7   3.7 0.2630 0.2156 1.22
1.70 100.0  3.8   4.0 0.2530 0.1990 1.27
1.88  98.8  4.7   3.5 0.3820 0.2280 1.68
2.20 100.0  9.6   4.3 0.4710 0.1856 2.54
1.80 100.0  4.5   1.8 0.3800 0.4384 0.87
1.70  99.5  5.2   5.0 0.3490 0.1599 2.18
2.20  94.9  4.1   5.6 0.2180 0.1425 1.53
1.80 100.0  6.6   1.7 0.4390 0.4694 0.94
2.40  99.8  9.8   5.2 0.4730 0.1534 3.08
2.10  96.2  5.7   2.6 0.6730 0.3069 2.19
2.40  96.6  5.7   3.1 0.5780 0.2574 2.25
2.10 100.0 19.4   2.5 0.3100 0.3192 0.97
2.10  99.2  3.2   4.6 0.2790 0.1735 1.61
1.80  96.9  5.5   4.3 0.4560 0.1856 2.46
1.50  98.6  5.0  15.8 0.0880 0.0505 1.74
1.90 100.0  3.7   4.1 0.4000 0.1965 2.04
1.90 100.0  6.1   5.7 0.3210 0.1407 2.28
1.90  93.8  5.1   4.7 0.3570 0.1701 2.10
1.65 100.0  9.3   4.8 0.4660 0.1662 2.80
1.90  95.0  2.7   2.4 0.3940 0.3325 1.19
2.20  93.3  3.3   3.3 0.4020 0.2418 1.66
1.90  89.3  2.6   2.1 0.4030 0.3800 1.06
1.87  80.6  2.3   2.3 0.3070 0.3469 0.88
2.00  99.9  8.9   5.9 0.3860 0.1343 2.87
2.30 100.0  6.1   1.6 0.5000 0.4987 1.00
2.70  99.4  8.2   1.8 0.4290 0.4433 0.97
2.50  99.6  8.4   0.5 0.5000 1.5958 0.31
1.50  87.7  4.4   2.6 0.4600 0.3069 1.50
1.80  55.9  5.4  11.0 0.1440 0.0725 1.99
1.90 100.0  6.4   5.0 0.2410 0.1609 1.50
1.30  97.2  7.2   2.5 0.2860 0.3192 0.90
2.20 100.0 21.2   2.5 0.3070 0.3192 0.96
1.52  89.7  5.9  21.5 0.1010 0.0371 2.72
2.00  99.8  5.9   5.1 0.1370 0.1565 0.88
2.70  96.0  3.5   1.5 0.4820 0.5319 0.91
1.72  92.9  3.1   2.6 0.1730 0.3069 0.56
2.29  89.8  3.7   2.3 0.2720 0.3469 0.78
2.00  98.8  3.6   5.0 0.2720 0.1597 1.70
2.69 100.0  8.5   7.1 0.3230 0.1124 2.87
3.09 100.0  5.4   5.8 0.3140 0.1376 2.28
2.20  76.8  3.7   2.1 0.2000 0.3800 0.53
2.70  74.6  2.5   2.7 0.2480 0.2955 0.84
1.30  91.9  2.3   1.7 0.4940 0.4694 1.05
2.00  48.1  1.8   2.7 0.2500 0.2955 0.85
2.73  90.5  4.3   1.5 0.3010 0.5319 0.57
2.70  81.6  2.4   3.0 0.2410 0.2660 0.91
1.85  99.3  6.1   3.2 0.4330 0.2493 1.74
1.70  96.9  8.0  12.0 0.1980 0.0665 2.98
2.90  67.0  2.7   2.1 0.2730 0.3800 0.72
2.30  99.9  9.8   4.8 0.4040 0.1662 2.43
2.20 100.0 10.1   4.8 0.4600 0.1662 2.77
1.90  99.4  5.1   3.2 0.4240 0.2493 1.70
2.10  96.9  3.4   3.7 0.2690 0.2156 1.25
2.70  98.2  5.8   4.7 0.1150 0.1698 0.68
2.20  87.7  2.7   3.3 0.2660 0.2418 1.10
2.10  94.0 10.0   3.1 0.3590 0.2574 1.39
2.10  61.2  3.1   5.0 0.1360 0.1596 0.85
2.00  94.8 12.7   2.6 0.7460 0.3045 2.45
3.00 100.0 11.4   1.8 0.4260 0.4433 0.96
2.60  89.0  3.0   3.3 0.2080 0.2418 0.86
2.00  99.9  4.0   7.1 0.1930 0.1124 1.72
2.00  93.1  3.1   3.1 0.2050 0.2574 0.80
1.90 100.0  7.6   4.8 0.3800 0.1662 2.29
2.10  80.0  2.0   2.7 0.2100 0.2955 0.71
1.70  48.8  1.4   1.8 0.3750 0.4433 0.85
1.80  87.1  5.0  11.2 0.1410 0.0712 1.98
2.40  90.4  3.6   1.6 0.2810 0.4987 0.56
1.80  64.4  2.9   2.7 0.2250 0.2955 0.76
2.00  40.4  2.0   6.1 0.1330 0.1308 1.02
2.00  77.7  2.2   5.2 0.1340 0.1534 0.87
1.90 100.0 16.0   3.2 0.5129 0.2472 2.07
2.20  94.3 14.9   2.5 0.5421 0.3136 1.73
2.20  91.0  3.0   2.0 0.4240 0.3990 1.06
2.20 100.0  4.7   2.2 0.4440 0.3660 1.21
2.40 100.0  7.7   3.6 0.2150 0.2216 0.97
1.90  67.0  2.7   3.5 0.2310 0.2280 1.01
1.60  85.8  3.5   1.8 0.3520 0.4433 0.79
2.30  94.6  2.6   3.1 0.4480 0.2574 1.74
2.50  61.2  4.1   1.8 0.3900 0.4433 0.88
1.80  99.9  5.6   4.6 0.3130 0.1735 1.80
2.85  96.3  4.3   1.8 0.7080 0.4433 1.60
2.22  84.5  2.7   3.4 0.1610 0.2347 0.69
1.65  83.5  2.0   4.2 0.1860 0.1900 0.98
2.40  99.7  4.6   1.7 0.4450 0.4694 0.95
2.60  99.6  8.0  14.0 0.2200 0.0570 3.86
2.65 100.0  3.9   2.8 0.4600 0.2850 1.61
2.10  86.9  4.3   4.8 0.2500 0.1662 1.50
1.70  99.5  4.6   5.8 0.1180 0.1376 0.86
3.50  98.2  3.8   1.8 0.7290 0.4433 1.64
1.80  96.9  4.0   4.0 0.4440 0.1995 2.23
3.30  88.9  4.4   8.0 0.1620 0.0997 1.62
2.00  84.7  2.0   2.0 0.3970 0.3990 1.00
2.40  96.1  2.2   3.0 0.1640 0.2660 0.62
1.70  99.8  4.2   2.7 0.4420 0.2955 1.50
2.50  83.6  5.8   2.0 0.4690 0.3950 1.19
1.90  83.4  3.0   1.5 0.6500 0.5319 1.22
2.00  93.7  6.5   6.3 0.3990 0.1267 3.15
1.64  88.7  6.1   2.7 0.4660 0.2955 1.58
2.20  95.7  4.3   2.0 0.4590 0.3911 1.17
2.15  97.8  3.7   2.0 0.7530 0.3990 1.89
1.70  98.8  6.4   1.6 0.4030 0.4987 0.81
3.00  98.2  3.6   2.6 0.5200 0.3069 1.69
2.00  95.7  2.6   5.4 0.1730 0.1478 1.17
1.75  80.1  4.4   5.0 0.2980 0.1596 1.87
4.50  98.9  3.4   2.5 0.4500 0.3243 1.39
2.20  80.0  5.3   2.6 0.5000 0.3069 1.63
2.60 100.0 11.0   4.0 0.4890 0.1995 2.45
1.90  99.4  5.6   4.4 0.3500 0.1813 1.93
1.50  90.4  2.8   2.7 0.2500 0.2955 0.85
1.76  98.2  4.7  17.0 0.0390 0.0469 0.83
1.60 100.0  4.2   1.9 0.4560 0.4199 1.09
2.60  99.9 11.1   5.1 0.4090 0.1565 2.61
1.25  83.4  2.8   2.7 0.5060 0.2955 1.71
1.30  99.0  4.3   3.5 0.5060 0.2280 2.22
2.60  86.2  4.5   4.2 0.2050 0.1900 1.08
2.25  85.4  3.1   2.4 0.4920 0.3325 1.48
1.70  93.6  8.0   2.5 0.6850 0.3230 2.12
1.80 100.0 18.0   2.8 0.4300 0.2850 1.51
3.00 100.0 10.0   2.8 0.4360 0.2850 1.53
2.30 100.0  8.4   2.9 0.4800 0.2723 1.76
1.68  99.6  4.9   3.7 0.4220 0.2156 1.96
1.80  78.1  4.7   2.0 0.3690 0.3990 0.92
2.00  99.8  6.3   6.3 0.3150 0.1267 2.49
2.10 100.0  2.0   4.1 0.3450 0.1946 1.77
1.81  93.0  2.1   8.0 0.1770 0.0997 1.77
1.80  99.8  3.8   1.6 0.8770 0.4987 1.76
1.80  94.3  1.3   2.6 0.3240 0.3069 1.06
1.34  95.9  2.3   2.1 0.4340 0.3800 1.14
1.78  98.0  1.5   2.9 0.3320 0.2751 1.21
1.78  97.4  1.4   4.2 0.2540 0.1900 1.34
1.85  99.9  1.8   2.7 0.4440 0.2955 1.50
1.85  91.6  1.4   3.2 0.3150 0.2493 1.26
3.00  96.7  2.0   4.2 0.5320 0.1900 2.80
1.40  91.8  1.7   2.4 0.3100 0.3325 0.93
2.60  97.8  4.5   4.7 0.2560 0.1716 1.49
1.51 100.0  3.7   3.5 0.4960 0.2248 2.21
1.90  81.0  1.9   2.1 0.4510 0.3800 1.19
2.19  49.0  2.0   2.6 0.2700 0.3057 0.88
2.20  21.5  1.4   1.2 0.3780 0.6435 0.59
1.83  69.5  4.9   3.3 0.4480 0.2448 1.83
3.10 100.0  7.3   4.5 0.4230 0.1773 2.39
2.60  99.1  5.0   3.3 0.3280 0.2418 1.36
1.05  84.4  4.3   4.9 0.3110 0.1628 1.91
3.10 100.0  6.0   2.8 0.3820 0.2850 1.34
1.83  68.5  3.0   2.5 0.2550 0.3192 0.80
2.30  96.2  5.8   1.7 0.4710 0.4694 1.00
1.80  92.2  2.1   1.7 0.5020 0.4694 1.07
3.20  97.6  3.0   3.3 0.3570 0.2418 1.48
1.20  51.8  1.5   3.3 0.2000 0.2418 0.83
2.15  95.0  7.6   5.3 0.3280 0.1503 2.18
2.08  64.2  4.7   6.4 0.2320 0.1255 1.85
2.40  98.2 12.0   7.0 0.4000 0.1135 3.52
2.80  93.8  7.6   4.6 0.4550 0.1735 2.62
2.30  96.3  3.3   3.6 0.3480 0.2223 1.57
1.75  93.5  4.0   5.9 0.3720 0.1350 2.76
1.70  84.6  3.5   2.3 0.2790 0.3469 0.80
2.10  93.0  3.6   2.2 0.5760 0.3694 1.56
2.60  98.5  5.9   5.1 0.3000 0.1565 1.92
1.88 8460.0  2.6   2.0 0.4700 0.3990 1.18
2.10  61.9  2.7   4.4 0.2090 0.1813 1.15
2.00  99.3  3.2   4.3 0.2200 0.1869 1.18
2.18  98.1  5.2   4.1 0.3360 0.1946 1.73
1.70  98.8  2.9   7.2 0.1560 0.1108 1.41
2.80  99.9  3.9   1.8 0.2990 0.4433 0.67
1.90  87.1  8.0   2.0 0.6600 0.3990 1.65
1.77  72.0  2.2   2.0 0.5740 0.3990 1.44
1.60  85.5  3.7   2.5 0.7120 0.3192 2.23
1.70  86.1  1.8   9.5 0.0820 0.0840 0.98
1.90  96.3  3.2   6.8 0.0890 0.1173 0.76
2.40  87.7  2.5   2.5 0.3620 0.3192 1.13
1.78  99.8  6.6   2.5 0.8620 0.3192 2.70
2.65 100.0  2.9   2.1 0.4530 0.3800 1.19
2.40  97.4  2.1   4.4 0.2950 0.1813 1.63
2.20  99.7  3.8   2.2 0.6250 0.3627 1.72
3.25 100.0  3.5   2.5 0.5100 0.3243 1.57
2.30  87.0  6.7   3.2 0.3300 0.2493 1.32
2.30  91.1  2.0   8.8 0.1000 0.0907 1.10
2.20  98.6  4.4   2.4 0.3800 0.3325 1.14
1.55  77.3  5.1   3.2 0.4220 0.2486 1.70
1.50  85.1  6.5  17.2 0.0880 0.0464 1.90
1.45  96.2  3.4   8.8 0.1360 0.0907 1.50
2.05  98.9  4.0   4.1 0.2820 0.1946 1.45
1.90  99.9  3.7   4.2 0.3090 0.1923 1.61
2.00  99.9  7.7  11.5 0.3250 0.0694 4.68
2.50  97.8  3.4   2.9 0.5450 0.2751 1.98
2.00  98.2  5.1   3.7 0.2690 0.2156 1.25
2.70   0.8  2.6   2.0 0.4430 0.3990 1.11
1.90  99.9  9.0  10.4 0.2240 0.0767 2.92
2.00  99.5  7.2   3.5 0.5960 0.2266 2.63
3.00  77.6  4.3   2.3 0.3430 0.3439 1.00
1.60  75.8  2.5   2.9 0.4180 0.2751 1.52
1.90  99.3  4.0   2.0 0.4870 0.3990 1.22
1.80  84.3  3.0   3.5 0.1980 0.2280 0.87
1.80 100.0  8.2   4.1 0.4570 0.1946 2.35
2.35  98.8  3.5   1.9 0.3940 0.4199 0.94
2.30  96.7  3.7   5.2 0.2030 0.1543 1.32
2.00  96.3  3.7   5.0 0.2770 0.1596 1.74
1.60  91.0  4.5   2.5 0.2110 0.3192 0.66
3.10 100.0 10.3   3.4 0.6870 0.2347 2.93
1.08  99.0  3.3   2.0 0.2280 0.3990 0.57
2.60  96.0  3.9   2.0 0.4530 0.3990 1.14
1.70  71.8  4.3   2.6 0.3830 0.3034 1.26
2.30  98.9  4.5   1.4 0.6500 0.5659 1.15
1.80  59.1  4.8   2.3 0.4920 0.3439 1.43
2.08  81.7  4.0   2.4 0.4320 0.3325 1.30
1.90  99.9  4.2   3.5 0.3580 0.2280 1.57
2.00 100.0  6.1   6.1 0.3560 0.1308 2.72
2.01  97.8  5.5   6.0 0.2010 0.1319 1.52
2.00 100.0  4.1   1.0 0.7150 0.7979 0.90
2.00  99.2  3.5   0.8 0.7580 0.9974 0.76
1.96  99.2  3.5   2.0 0.3690 0.3990 0.92
1.60  98.2 10.1   2.4 0.8090 0.3325 2.43
2.70  89.5  4.2   3.4 0.3250 0.2361 1.38
2.02  97.4  5.6   2.8 0.5190 0.2819 1.84
1.60 100.0  4.4   4.8 0.3200 0.1666 1.92
2.03  95.7  3.8   2.8 0.4890 0.2850 1.72
1.90  98.6  3.6  12.4 0.3850 0.0643 5.98
2.50  57.0  1.6   1.1 0.3670 0.7254 0.51
2.75  46.4  2.1   1.5 0.2780 0.5319 0.52
2.20  69.2  2.2   1.3 0.3400 0.6138 0.55
2.90  53.7  2.1   1.7 0.2700 0.4694 0.58
2.10 100.0  5.0   3.4 0.4240 0.2347 1.81
2.75 100.0  5.2   2.9 0.4940 0.2751 1.80
2.95  97.0  4.3   3.0 0.4120 0.2660 1.55
2.35  99.6 18.9   4.1 0.8940 0.1946 4.59
2.80  44.8  1.7   1.2 0.3610 0.6649 0.54
2.40 100.0  7.0   3.3 0.4310 0.2418 1.78
2.26 100.0  3.5   2.4 0.3070 0.3325 0.92
2.10  50.1  3.6   2.6 0.3650 0.3117 1.17
1.80  74.7  2.3   1.6 0.3370 0.4987 0.68
2.00 100.0  2.2   3.5 0.2110 0.2280 0.93
2.02  74.5  2.5   3.0 0.1940 0.2660 0.73
2.07  76.7  2.7   2.0 0.2530 0.3990 0.63
2.00  99.8  7.0   7.6 0.2520 0.1050 2.40
1.85 1580.0  7.0   5.0 0.3940 0.1596 2.47
1.50  80.7  3.0   5.8 0.2210 0.1376 1.61
2.06  99.7  3.0   4.7 0.2930 0.1698 1.73
1.78  95.1  5.0   6.2 0.2820 0.1287 2.19
2.05  98.1  4.0   3.8 0.3680 0.2100 1.75
2.50  99.2  5.0   4.8 0.3870 0.1662 2.33
2.10  66.7  2.8   1.8 0.2470 0.4433 0.56
2.70 100.0 14.6   3.8 0.5580 0.2100 2.66
2.00 100.0 14.7   7.9 0.4020 0.1010 3.98
1.80  84.2  5.0   7.7 0.2490 0.1036 2.40
1.80  73.4  3.0   5.0 0.2290 0.1596 1.44
1.80  97.6  3.0   3.4 0.3110 0.2347 1.33
2.12  45.8  5.0   3.7 0.3770 0.2156 1.75
2.20  97.5  5.0   4.0 0.4070 0.1995 2.04
2.15  84.9  4.0   3.6 0.3860 0.2216 1.74
2.30  75.9  2.0   4.3 0.4480 0.1856 2.41
1.30  49.9 10.0   3.8 0.3810 0.2100 1.81
1.90  98.9  5.0   4.0 0.3790 0.1995 1.90
1.70  99.6  8.2   2.8 0.5960 0.2819 2.11
1.15  94.4  9.6   3.1 0.6830 0.2574 2.65
2.40  93.6  6.3   1.6 0.6820 0.4865 1.40
1.90  97.6  3.2   2.1 0.4600 0.3800 1.21
2.05  88.9  2.4   2.6 0.2430 0.3069 0.79
1.70  89.0  4.0   1.9 0.2770 0.4199 0.66
1.72  24.0  2.0   1.8 0.2500 0.4433 0.56
1.96  40.0  1.8   2.5 0.1840 0.3192 0.58
2.10  85.0  2.0   2.2 0.2420 0.3627 0.67
2.40  95.1  4.8   2.1 0.2460 0.3800 0.65
2.90  84.7  4.7   3.4 0.1870 0.2347 0.80
1.49  66.4  7.2   2.1 0.3850 0.3800 1.01
2.06  99.9  5.0   4.3 0.3060 0.1856 1.65
2.70 100.0  4.2   3.7 0.5200 0.2156 2.41
2.08  91.2 10.8   4.0 0.5160 0.2020 2.55
1.90  79.4  4.0   5.3 0.2680 0.1505 1.78
4.10  76.6  2.2   2.5 0.3300 0.3192 1.03
2.20  53.4  4.3   2.6 0.2550 0.3069 0.83
2.50  88.4  3.5   3.7 0.1920 0.2156 0.89
2.00  97.6  3.4   3.7 0.5250 0.2156 2.43
2.20  99.4  3.7   6.3 0.2520 0.1267 1.99
2.60  99.1  4.1   5.4 0.2190 0.1478 1.48
1.60  94.0  3.0   8.0 0.2100 0.0997 2.11
2.03 100.0  6.6   3.4 0.4850 0.2347 2.07
1.50  98.5  2.6   2.5 0.3110 0.3192 0.97
3.30  87.5  4.1   1.3 0.0100 0.6138 0.02
3.30  98.5 13.6   5.5 0.3910 0.1451 2.70
1.04  85.4  2.1   4.0 0.2520 0.1970 1.28
1.70  94.9  4.3   9.4 0.1310 0.0849 1.54
1.90 100.0 11.0  11.0 0.3000 0.0725 4.14
1.30  82.2  2.1   2.0 0.3420 0.3990 0.86
1.85  94.8  2.6   4.6 0.2210 0.1735 1.27
1.40  97.5  2.9   4.9 0.1410 0.1628 0.87
1.85  96.5  3.7   2.9 0.3410 0.2751 1.24
1.90  69.0  2.3   5.3 0.1550 0.1505 1.03
1.70  98.7  2.9   7.0 0.1460 0.1140 1.28
1.97  93.0  5.2   5.6 0.3360 0.1425 2.36
1.90  99.2  2.9   4.2 0.3940 0.1900 2.07
1.68  87.2  1.7   3.3 0.1690 0.2418 0.70
2.00  98.9  3.5   4.2 0.2320 0.1900 1.22
2.20  97.3  4.6   5.9 0.2480 0.1352 1.83
2.00  88.2  2.7   4.0 0.2340 0.1980 1.18
2.17  91.2  2.8   2.1 0.3470 0.3729 0.93
1.40  72.7  3.2   2.0 0.2620 0.3990 0.66
2.30  96.2  2.9   2.7 0.2690 0.2955 0.91
3.07  99.0 10.5   5.6 0.5100 0.1425 3.58
1.90  99.9  4.9   4.1 0.4780 0.1965 2.43
1.45  26.5  1.6   2.1 0.3300 0.3729 0.89
2.60  90.6  3.2   1.9 0.5070 0.4199 1.21
2.60  86.4  3.6   6.8 0.2140 0.1173 1.82
2.09 100.0  7.0   2.4 0.8300 0.3325 2.50
1.60  99.9  4.3   2.4 0.4660 0.3325 1.40
2.50  99.6  6.6   2.4 0.5580 0.3297 1.69
2.00  94.3  2.8   2.3 0.3800 0.3469 1.10
1.50  83.6  6.7   2.7 0.3510 0.2933 1.20
2.70  93.6  3.3   2.0 0.5980 0.3990 1.50
1.50  99.7  2.5   2.8 0.3400 0.2850 1.19
2.10  99.9  7.2   3.4 0.5680 0.2368 2.40
2.70 100.0  7.4   6.0 0.3570 0.1330 2.68
2.40  95.0  1.9   5.0 0.0870 0.1596 0.55
1.15  80.8  1.4   5.4 0.1290 0.1478 0.87
1.80  94.0  3.0   4.0 0.2190 0.1995 1.10
1.45  91.5  3.0   2.4 0.4000 0.3325 1.20
2.50 100.0 10.8   4.4 0.5780 0.1813 3.19
2.70 100.0  5.8   4.6 0.4100 0.1735 2.36
2.40  99.2  7.1   4.5 0.4370 0.1773 2.46
1.85  89.6  5.7   3.5 0.3590 0.2280 1.57
1.95 100.0  8.6   3.3 0.4710 0.2418 1.95
1.80  96.8  3.1   2.8 0.4270 0.2901 1.47
1.70  71.2  3.1   2.9 0.3030 0.2780 1.09
2.30 100.0  6.9   5.0 0.5100 0.1596 3.20
1.90  70.6  2.0   1.5 0.5030 0.5319 0.95
2.10 100.0  3.8   2.7 0.4300 0.2955 1.46
3.00  99.8  3.6   3.9 0.3490 0.2046 1.71
1.90  79.3  1.7   2.2 0.2880 0.3627 0.79
2.80  92.1  1.7   3.5 0.2300 0.2280 1.01
3.20   0.1  2.5   1.9 0.3310 0.4199 0.79
2.20  79.7  5.1   1.8 0.4820 0.4433 1.09
1.95  72.6  3.6   2.9 0.4240 0.2715 1.56
1.90  95.7  5.8   9.9 0.1000 0.0806 1.24
1.83  71.4  5.5   4.5 0.3860 0.1756 2.20
2.10  87.1  2.4   5.2 0.1690 0.1534 1.10
1.43  92.9  2.4   1.9 0.4720 0.4199 1.12
0.95  91.6  2.3   2.4 0.3780 0.3325 1.14
2.20  91.7  2.6   2.9 0.4120 0.2751 1.50
2.28  93.1  2.9   5.0 0.2010 0.1596 1.26
2.50 100.0 10.3   5.8 0.4460 0.1376 3.24
2.02  95.3  7.8   4.9 0.3480 0.1628 2.14
1.71  99.9 12.4   5.8 0.2520 0.1373 1.84
1.86  89.5  5.1   3.2 0.3950 0.2475 1.60
1.80  99.8 10.6   1.7 0.4440 0.4694 0.95
2.64  96.9  2.0   2.0 0.3860 0.3990 0.97
2.20  97.4  7.1   3.0 0.7000 0.2660 2.63
2.00  99.0  5.2   3.8 0.4440 0.2100 2.11
2.50  99.0  8.1   3.8 0.4470 0.2100 2.13
3.35  99.8  5.7   4.2 0.3380 0.1900 1.78
1.90  78.2  2.8   1.9 0.3590 0.4313 0.83
2.80  98.0  7.6   5.0 0.3650 0.1596 2.29
2.70  55.9  1.8   1.9 0.4060 0.4199 0.97
2.36 100.0  5.3   4.4 0.2900 0.1813 1.60
2.20  98.5  5.2   3.1 0.3480 0.2591 1.34
2.40  99.9  4.4   2.5 0.3730 0.3217 1.16
1.70  78.4  3.7   5.5 0.2780 0.1451 1.92
2.40  99.5  6.7   1.5 0.4640 0.5319 0.87
1.80  99.9  7.1   4.8 0.4550 0.1662 2.74
2.09  99.8  5.1   1.5 0.3820 0.5355 0.71
1.95  99.6  5.1  35.5 0.5120 0.0225 22.78
2.35  95.3  7.1   4.8 0.3950 0.1662 2.38
1.80 100.0 11.1   2.2 0.3280 0.3627 0.90
9.00  97.4  4.2  12.6 0.0870 0.0636 1.37
1.50  97.7  5.3   2.7 0.4170 0.2955 1.41
2.00  86.4  3.0   3.9 0.3250 0.2046 1.59
1.85  55.6  1.5   1.8 0.3520 0.4433 0.79
2.20  56.3  1.7   2.0 0.3250 0.3990 0.81
2.30  99.8  5.6   8.0 0.2300 0.0996 2.31
2.60 100.0  6.4   8.5 0.4680 0.0939 4.99
2.40  99.7  3.5   3.7 0.3140 0.2151 1.46
2.60 100.0  6.2   6.0 0.3190 0.1337 2.39
2.30  96.9  7.4   4.1 0.4690 0.1946 2.41
2.34  99.8  3.5   1.3 0.5830 0.6138 0.95
1.30  98.8  3.3   7.5 0.1080 0.1060 1.02
3.00  81.6  1.5   2.3 0.3170 0.3469 0.91
2.00  94.8  6.9   9.9 0.1030 0.0806 1.28
2.25 100.0  5.0   3.9 0.3500 0.2046 1.71
2.25 100.0  4.2   2.5 0.5480 0.3192 1.72
1.61  81.4  2.2   6.4 0.1600 0.1255 1.28
1.98  92.8  6.5   9.4 0.1940 0.0849 2.29
1.88  70.6  1.6   0.0 0.3140 37.9952 0.01
2.24  97.6  3.6   2.5 0.6000 0.3129 1.92
3.00 100.0  9.3   5.0 0.4600 0.1596 2.88
2.30  50.8  2.8   3.0 0.3700 0.2660 1.39
2.70  87.0  6.3   6.8 0.3540 0.1173 3.02
2.60  76.9  4.3   3.2 0.3580 0.2455 1.46
3.00 100.0 16.7   6.6 0.4310 0.1209 3.57
2.40  99.9  5.6   2.2 0.4390 0.3627 1.21
1.93 100.0  6.6   3.4 0.6630 0.2354 2.82
2.10  94.6  3.3   0.8 0.7700 0.9974 0.77
2.40 100.0  4.0   0.6 0.0125 1.3298 0.01
2.02  99.5  5.0  38.0 0.5720 0.0210 27.24
1.40  50.4  1.9  38.9 0.5150 0.0205 25.11
2.12  98.5  3.0   2.1 0.4890 0.3729 1.31
3.40 100.0 26.1   5.2 0.5070 0.1540 3.29
1.78  89.4  3.3   3.3 0.3170 0.2440 1.30
2.30  99.6  4.7   4.5 0.2680 0.1789 1.50
2.00 100.0 10.9   1.6 0.4790 0.4987 0.96
1.93  99.8  5.9   3.7 0.4950 0.2156 2.30
1.90  84.0  3.2   6.2 0.2220 0.1295 1.71
1.50  93.1  5.0   5.2 0.3980 0.1546 2.57
1.90  86.4  7.9   1.7 0.7800 0.4666 1.67
1.58  99.9  5.1   5.1 0.3650 0.1565 2.33
2.05  99.1  4.7   3.3 0.4320 0.2418 1.79
2.33  99.9  7.0   4.2 0.4450 0.1900 2.34
2.40 100.0 11.0   4.9 0.4280 0.1628 2.63
2.38  99.9  8.5   5.2 0.4290 0.1534 2.80
2.25  98.8  6.3   3.9 0.4690 0.2046 2.29
2.20  96.4  3.4   2.9 0.9540 0.2751 3.47
1.75 100.0  3.3   1.7 0.3600 0.4694 0.77
2.00  90.3  3.4   2.0 0.3500 0.3990 0.88
2.00  98.9  3.6   3.0 0.2500 0.2660 0.94
2.30  99.7 10.0   5.2 0.3670 0.1546 2.37
2.10  98.5  9.8   3.8 0.3960 0.2083 1.90
2.00  65.1  1.4   4.4 0.1010 0.1813 0.56
2.50 100.0  5.8   2.3 0.1380 0.3469 0.40
1.80  80.4  4.7   3.3 0.3670 0.2418 1.52
2.50 100.0  5.0   5.7 0.2740 0.1400 1.96
2.00  99.9 10.2  24.2 0.1590 0.0330 4.82
2.20  88.9  4.9   7.8 0.2130 0.1023 2.08
1.85  99.4  5.3   3.7 0.4960 0.2156 2.30
2.50 100.0  3.8   2.0 0.3740 0.3990 0.94
2.70  93.6  2.5   2.0 0.5020 0.3990 1.26
2.22  80.8  2.5   2.8 0.3410 0.2850 1.20
2.80  96.0  4.0   2.5 0.2900 0.3192 0.91
1.90  95.3  3.0   2.2 0.3470 0.3546 0.98
1.80  68.2  2.6   3.3 0.2230 0.2418 0.92
2.31 100.0  3.7   3.4 0.3400 0.2347 1.45
2.80 100.0  6.3   3.5 0.4690 0.2280 2.06
2.90  99.8  3.2   2.1 0.3380 0.3800 0.89
1.80  96.9  5.0   2.3 0.3960 0.3469 1.14
1.85  98.7  3.6   3.1 0.1900 0.2574 0.74
2.18  43.1  1.9   1.9 0.5750 0.4199 1.37
1.60  88.1  2.8   1.6 0.5630 0.4895 1.15
2.18  99.0 10.0   2.5 0.4600 0.3192 1.44
2.20 628.0 12.0   2.0 0.4700 0.3990 1.18
1.65  63.2  1.7   1.7 0.4790 0.4639 1.03
1.60  67.7  4.0   2.7 0.4030 0.2923 1.38
2.30  95.8  3.7   1.2 0.6120 0.6649 0.92
1.56  40.0  1.7   2.0 0.3670 0.3990 0.92
1.50  77.7  8.9   5.0 0.2070 0.1596 1.30
2.60 100.0 16.0   6.5 0.4400 0.1228 3.58
2.50  54.7  2.9   2.0 0.4400 0.3990 1.10
1.10  15.0  1.7   3.4 0.3010 0.2361 1.28
2.80  99.4  4.7   3.6 0.3410 0.2216 1.54
2.60  55.3  3.4   2.0 0.4400 0.3990 1.10
2.40  99.4  4.7   3.0 0.4400 0.2660 1.65
2.00  99.9  3.8   5.4 0.2860 0.1478 1.94
2.30  99.8  4.2   6.7 0.2610 0.1191 2.19
2.70 100.0  9.0   5.9 0.2150 0.1352 1.59
3.07  90.0  4.1   3.8 0.4100 0.2100 1.95
2.90 100.0  3.7   4.8 0.2910 0.1662 1.75
2.20  99.9  3.5   4.1 0.0700 0.1946 0.36
1.90  64.1  3.7   4.1 0.2950 0.1946 1.52
1.25  51.6  4.2   6.8 0.2250 0.1173 1.92
2.60  92.4  3.7   3.0 0.3410 0.2660 1.28
2.53  96.5  3.0   2.6 0.3040 0.3069 0.99
2.08  99.9  7.8   3.3 0.4340 0.2418 1.79
1.15  90.4  4.4   2.4 0.5130 0.3325 1.54
1.10  89.8  3.9   2.2 0.4290 0.3627 1.18
2.80 100.0  5.2   4.0 0.3800 0.1995 1.91
3.10  99.9  3.7   3.4 0.3800 0.2347 1.62
2.59 100.0  6.9   3.0 0.4400 0.2660 1.65
1.60  95.0  7.1   2.8 0.2730 0.2850 0.96
2.00 100.0  5.2   1.9 0.3670 0.4199 0.87
1.60  97.1  3.5   3.0 0.2250 0.2660 0.85
2.10  93.1  5.8   4.7 0.1330 0.1698 0.78
1.60  99.9  4.5   2.5 0.2780 0.3192 0.87
1.70 100.0  6.7   3.1 0.2360 0.2574 0.92
2.50  63.5  2.7   1.6 0.5200 0.4895 1.06
2.10  99.6 22.0   8.2 0.4510 0.0973 4.63
2.35 100.0 22.2   8.9 0.4420 0.0897 4.93
2.30 100.0 33.3  10.3 0.4580 0.0775 5.91
2.50 100.0 26.9   4.1 0.1420 0.1946 0.73
1.60  56.2  4.2   5.2 0.2690 0.1534 1.75
2.95 100.0  3.1   1.6 0.3900 0.4987 0.78
1.90  96.7  2.4   5.4 0.1370 0.1478 0.93
2.40  40.5  3.6   2.9 0.5010 0.2751 1.82
3.50  74.1  3.5   3.2 0.3780 0.2493 1.52
1.85  99.7  3.6   3.8 0.3470 0.2100 1.65
1.80  95.6  5.0   3.5 0.3720 0.2293 1.62
3.20  99.2 10.9   4.2 0.3570 0.1877 1.90
2.02  67.0  2.5   2.9 0.3520 0.2714 1.30
2.02  83.5  6.8   1.5 0.9020 0.5428 1.66
1.80  98.9  2.6   2.6 0.5110 0.3069 1.67
1.60  94.3  3.6   2.5 0.3890 0.3192 1.22
1.65  99.8  3.0   2.3 0.3700 0.3469 1.07
1.70  70.3  1.9   5.5 0.1260 0.1451 0.87
2.80  99.9  3.6   2.3 0.3600 0.3469 1.04
1.90  73.4  5.8   2.2 0.7560 0.3610 2.09
2.20  99.0  6.1   2.8 0.7350 0.2829 2.60
2.54  91.8  2.4   2.4 0.2700 0.3325 0.81
3.90  94.9  3.0  11.9 0.0940 0.0671 1.40
1.66  86.4  3.0   2.4 0.4840 0.3311 1.46
3.40  99.8  8.0   2.0 0.0100 0.3990 0.03
2.90  84.9  4.7   4.5 0.3110 0.1789 1.74
1.55  95.9  6.2   3.3 0.2720 0.2418 1.12
2.10  98.1  4.9   3.0 0.5510 0.2625 2.10
1.50  95.1  2.0   4.0 0.2520 0.1995 1.26
3.00 100.0  6.1   2.0 0.3710 0.3990 0.93
1.56  90.1  5.0   9.1 0.1710 0.0877 1.95
2.70  97.4  3.2   1.7 0.4070 0.4694 0.87
1.85  79.9  2.4   2.1 0.4340 0.3800 1.14
3.00  64.8  2.7   2.7 0.5350 0.2955 1.81
1.98  85.0  1.9   2.8 0.2600 0.2850 0.91
1.82  85.0  9.2   3.5 0.4520 0.2280 1.98
2.06  69.8  4.5   5.0 0.3050 0.1602 1.90
1.65  99.1  6.6   5.9 0.3430 0.1352 2.54
1.75 100.0  4.6   3.0 0.4350 0.2660 1.64
2.50  99.2  2.7   2.1 0.3380 0.3800 0.89
3.00 100.0 11.2   3.2 0.9400 0.2493 3.77
2.00  86.3  7.6   5.1 0.2290 0.1574 1.46
2.50  93.1  9.0   2.7 0.5970 0.2983 2.00
2.50  90.4  5.6  10.8 0.1110 0.0739 1.50
2.50  82.7  2.0   2.7 0.3060 0.2955 1.04
2.14  99.2  2.8   3.0 0.2280 0.2660 0.86
2.90  93.8  2.6   1.7 0.3820 0.4694 0.81
2.70  98.5  5.2   2.8 0.3460 0.2810 1.23
2.10 100.0  6.8   1.6 0.0138 0.4987 0.03
2.40 100.0  9.0   4.2 0.4210 0.1900 2.22
1.79  96.7  8.6   6.2 0.3100 0.1284 2.41
2.20  72.2  2.9   1.3 0.7200 0.6234 1.16
2.00  91.8  3.1   2.6 0.4970 0.3069 1.62
1.98  63.4  6.2   2.1 0.3890 0.3800 1.02
1.70  94.1  3.2   4.4 0.2570 0.1813 1.42
3.00  89.1  3.3   2.5 0.3870 0.3192 1.21
2.98  92.0  2.0   2.0 0.4920 0.3990 1.23
1.80  88.0  7.2   3.3 0.5600 0.2418 2.32
1.50  99.8  6.0   3.8 0.4650 0.2100 2.21
2.30  80.4  5.1   3.6 0.4060 0.2188 1.86
2.60 100.0  7.1   5.8 0.3500 0.1376 2.54
2.80  93.3  4.7   3.9 0.0512 0.2030 0.25
1.90 100.0  5.5   2.7 0.2630 0.2955 0.89
1.90  95.2  5.7   1.8 0.6840 0.4336 1.58
1.86  74.0  4.1   2.3 0.4070 0.3469 1.17
2.10  99.6 10.9   8.7 0.3790 0.0917 4.13
2.50  98.6 11.6   3.3 0.7880 0.2425 3.25
2.98  92.0  2.3   1.8 0.4400 0.4433 0.99
2.30  97.8  8.7   4.3 0.4460 0.1856 2.40
1.99  97.3  2.7   3.9 0.2010 0.2046 0.98
1.70  99.9 11.1   4.4 0.4540 0.1804 2.52
2.25  87.1  3.4   2.2 0.5070 0.3627 1.40
3.30 100.0  7.6   1.3 0.5070 0.6138 0.83
2.30  56.5  4.1   3.8 0.2660 0.2100 1.27
2.90  93.8  8.7   2.7 0.4760 0.2955 1.61
3.00  56.0  2.8   5.3 0.1620 0.1505 1.08
2.60 100.0  7.1   2.6 0.7360 0.3069 2.40
1.80  87.6  6.1   3.9 0.4100 0.2046 2.00
2.30  84.5  3.6   3.3 0.3300 0.2418 1.36
1.80  99.1  3.5   3.0 0.5000 0.2660 1.88
1.90 100.0  3.4   3.0 0.5610 0.2660 2.11
2.05  93.7  3.4   2.0 0.5320 0.3990 1.33
1.85  99.2  3.2   2.0 0.4180 0.3990 1.05
2.14  99.5  3.4   2.3 0.3590 0.3469 1.03
1.90  95.1  2.8   7.9 0.1310 0.1010 1.30
2.50  85.2  1.4   2.8 0.3740 0.2829 1.32
2.40 100.0  3.8   5.4 0.1130 0.1478 0.76
1.95  98.6  4.0   4.2 0.2810 0.1900 1.48
2.50 100.0  5.7   2.9 0.5520 0.2751 2.01
1.80  74.2  3.4   2.7 0.4580 0.2955 1.55
1.90  96.0  5.0   4.2 0.4050 0.1900 2.13
2.20  62.6  2.4   2.3 0.4000 0.3469 1.15
2.10  63.1  1.6   1.6 0.6280 0.4987 1.26
2.10  99.6  4.7   5.0 0.2520 0.1596 1.58
1.31  93.1  6.8   6.2 0.2400 0.1292 1.86
1.70  39.8  5.2  12.6 0.1190 0.0633 1.88
2.28 100.0 13.9   8.7 0.3730 0.0917 4.07
1.30  98.3  2.7   2.5 0.4080 0.3192 1.28
2.10  88.7  1.3   2.9 0.1660 0.2770 0.60
2.18  80.6  6.5   3.8 0.2750 0.2100 1.31
2.64  97.3  4.5   3.2 0.4560 0.2493 1.83
2.60  99.6  3.5   2.0 0.6280 0.3990 1.57
2.80  82.0  3.1   2.1 0.3700 0.3800 0.97
2.10  62.2  4.6   3.4 0.2660 0.2347 1.13
2.15 100.0  7.5   4.1 0.4600 0.1946 2.36
1.65  72.7  3.0   3.5 0.1740 0.2280 0.76
2.20  98.4  3.0   3.5 0.3540 0.2280 1.55
3.85  98.9  2.6   2.8 0.2310 0.2850 0.81
2.20  79.6  4.4   2.1 0.2220 0.3800 0.58
3.02  91.2  5.4   3.5 0.4100 0.2293 1.79
3.00  81.2  3.2   2.4 0.5420 0.3381 1.60
1.95  98.6  4.8   1.8 0.5180 0.4544 1.14
1.50 100.0 11.9   3.4 0.5240 0.2347 2.23
3.34  99.5  5.7   3.9 0.4890 0.2034 2.40
1.23  17.3  2.0   1.9 0.3860 0.4199 0.92
2.35 100.0 13.1   5.3 0.4460 0.1513 2.95
2.80  91.4  3.8   3.3 0.4620 0.2396 1.93
2.20  95.6  1.9   3.2 0.2310 0.2493 0.93
3.00  85.3  2.9   2.2 0.3490 0.3627 0.96
2.00  91.8  2.1   6.3 0.1720 0.1267 1.36
2.08  97.3  4.4   3.4 0.3790 0.2347 1.61
1.80  69.0  3.4   4.0 0.2830 0.1995 1.42
2.60  85.4  4.4   5.0 0.3020 0.1596 1.89
1.85  81.9  4.4   3.4 0.3730 0.2347 1.59
1.34  84.9  7.6   5.0 0.4970 0.1605 3.10
1.85  87.2  2.7   1.6 0.5010 0.5115 0.98
1.69  96.4  2.8   2.7 0.3320 0.2955 1.12
1.80  97.0  4.6   3.1 0.3210 0.2582 1.24
2.75  99.5  3.8   2.6 0.5170 0.3069 1.68
2.80  91.6  2.1   2.0 0.3730 0.3990 0.93
2.70 100.0  3.8   2.6 0.0260 0.3069 0.08
2.10  62.3  2.2   3.0 0.2650 0.2687 0.99
1.50  81.0  3.3   2.9 0.4190 0.2751 1.52
1.70  99.4  4.4   5.9 0.2760 0.1352 2.04
2.70  98.5  4.7   2.3 0.2660 0.3469 0.77
2.20  97.7  3.2   2.7 0.3600 0.2966 1.21
2.10  82.4  4.7   3.0 0.3800 0.2660 1.43
3.30  99.9  5.5   3.2 0.5180 0.2493 2.08
2.20 100.0  5.2   3.2 0.4410 0.2493 1.77
2.00  89.3  5.5   2.6 0.3840 0.3057 1.26
2.50  78.8  2.0   2.3 0.4380 0.3469 1.26
2.50  81.9  2.2   2.4 0.4630 0.3395 1.36
2.80  77.5  2.1   2.7 0.4360 0.2955 1.48
2.40  71.1  1.9   2.5 0.4390 0.3192 1.38
2.05  99.7  4.2  10.4 0.0870 0.0767 1.13
1.80 100.0  5.4   4.0 0.3940 0.1995 1.98
1.52  99.9  3.5   3.6 0.3280 0.2216 1.48
1.75 100.0  3.7   4.0 0.3550 0.1995 1.78
1.55  97.3  3.3   2.8 0.3810 0.2850 1.34
1.42  99.9 13.9   3.6 0.3740 0.2216 1.69
1.00  88.7  3.1   4.9 0.2490 0.1628 1.53
1.05  85.6  2.6   2.3 0.3800 0.3469 1.10
2.70  90.9  4.0   4.8 0.4200 0.1662 2.53
2.00  81.2  2.8   2.2 0.5360 0.3627 1.48
3.30  99.2  4.5   2.3 0.4330 0.3469 1.25
2.40  90.2  2.8   2.5 0.3310 0.3192 1.04
1.90  80.4  2.6   1.7 0.3000 0.4694 0.64
1.80  62.9  1.6   2.3 0.3450 0.3469 0.99
2.90  99.9  2.9   2.1 0.4770 0.3800 1.26
2.24  99.6  3.1   3.4 0.3500 0.2347 1.49
1.80  50.4  2.7   1.9 0.4750 0.4113 1.15
1.60  80.5  7.0   2.4 0.8700 0.3325 2.62
2.55  54.6  4.6   6.4 0.1610 0.1247 1.29
2.90 100.0  6.7   2.2 0.4290 0.3627 1.18
2.04  96.5  3.3   2.4 0.3970 0.3284 1.21
2.80  97.6  4.1   2.5 0.3820 0.3154 1.21
1.70  47.0  3.1   5.2 0.2200 0.1534 1.43
1.55  30.8  3.5   3.9 0.3430 0.2046 1.68
1.85  98.1  2.2   2.5 0.5470 0.3192 1.71
3.00  97.9  2.1  14.8 0.3450 0.0539 6.40
1.70  88.8  2.8   2.8 0.3720 0.2850 1.31
1.85  49.4  2.7   2.4 0.2540 0.3325 0.76
2.30  42.1  1.9   3.0 0.2300 0.2625 0.88
2.20  97.4  2.3   3.2 0.2620 0.2509 1.04
2.60  73.1  4.8   3.0 0.3920 0.2696 1.45
2.70 100.0  7.0   2.2 0.3580 0.3627 0.99
2.60  99.8  6.8   1.8 0.4330 0.4433 0.98
2.45  99.5  3.5   3.1 0.3650 0.2574 1.42
2.45  91.3 10.0   6.9 0.3430 0.1156 2.97
2.10 100.0  6.9   4.4 0.3800 0.1813 2.10
1.45  90.1  1.0   3.7 0.2450 0.2156 1.14
2.00  97.5  3.8   2.4 0.4340 0.3325 1.31
1.50  99.5  4.1   7.3 0.1330 0.1093 1.22
2.10  80.2  6.2   3.1 0.4440 0.2533 1.75
1.65  95.3  2.5   1.8 0.6970 0.4433 1.57
2.05  96.9  7.8   4.6 0.3790 0.1735 2.18
2.20  87.3  6.2   3.9 0.2530 0.2046 1.24
1.50  89.7  6.7   8.4 0.1170 0.0950 1.23
1.60   1.0  2.7   2.2 0.3160 0.3627 0.87
1.55  97.4  5.0   6.6 0.1530 0.1209 1.27
1.10  92.9  4.7   2.2 0.7410 0.3562 2.08
2.60  91.6  4.9   2.7 0.3630 0.2904 1.25
1.85  83.7  2.6   2.6 0.3950 0.3069 1.29
2.20  94.8  2.5   2.4 0.3030 0.3325 0.91
2.50  73.1  4.6   1.6 0.4100 0.4987 0.82
1.00  84.0  3.1   1.9 0.4890 0.4199 1.16
3.20  97.0  2.4   3.3 0.3460 0.2418 1.43
1.10  71.9  1.9   2.8 0.2740 0.2850 0.96
1.62 100.0  4.8   2.2 0.4660 0.3546 1.31
1.40 11158.0  3.2   2.8 0.5900 0.2829 2.09
2.60  90.7  2.4   1.2 0.5010 0.6649 0.75
2.00  72.5  9.5   2.9 0.7670 0.2761 2.78
2.80  95.1  3.0   2.6 0.3100 0.3069 1.01
1.60  96.3 10.1   5.3 0.3941 0.1497 2.63
2.19  90.3  5.3   1.8 0.6130 0.4433 1.38
1.98  93.1  4.2   2.2 0.5900 0.3627 1.63
2.01  96.2  6.3   3.0 0.5650 0.2660 2.12
2.60  62.1  2.3   2.8 0.4370 0.2875 1.52
1.29  86.0  1.4   1.9 0.5600 0.4313 1.30
2.00  99.3  5.5   3.8 0.4720 0.2100 2.25
1.95  89.7 14.3   2.6 0.6670 0.3045 2.19
2.30  99.5  3.7   4.8 0.2290 0.1645 1.39
2.10  98.8  3.4   3.4 0.3840 0.2382 1.61
2.90 100.0  6.4   5.0 0.4540 0.1596 2.84
2.50  75.8  4.2   4.1 0.3430 0.1946 1.76
1.60  94.7  1.7   3.4 0.3760 0.2347 1.60
1.80  81.4  2.2   1.7 0.4200 0.4694 0.89
2.10 100.0  5.5   2.1 0.3210 0.3873 0.83
3.50  93.7  2.7   3.3 0.3390 0.2433 1.39
2.00  97.9  5.5   3.5 0.4470 0.2280 1.96
2.75  91.1  5.7   3.2 0.5540 0.2493 2.22
2.70 100.0  5.0   2.0 0.3240 0.3990 0.81
2.15  99.2  4.2   2.4 0.4270 0.3353 1.27
2.00  89.0  2.9   3.1 0.4740 0.2574 1.84
1.55  65.0  2.8   3.1 0.2920 0.2574 1.13
2.05  89.9  2.8   1.9 0.3810 0.4199 0.91
1.66 100.0  5.1   3.5 0.4900 0.2280 2.15
2.35  99.7  4.0   3.6 0.4960 0.2216 2.24
1.93  99.4  6.8   1.1 0.5500 0.7254 0.76
2.22  97.3  3.2   3.2 0.4900 0.2493 1.97
1.66  63.7  1.7   1.5 0.4500 0.5319 0.85
2.22  86.3  3.0   2.2 0.4780 0.3627 1.32
1.56 100.0  7.9   4.3 0.4980 0.1856 2.68
1.64  93.2  3.4   2.6 0.4760 0.3069 1.55
1.48  25.9  1.5   2.4 0.2370 0.3325 0.71
1.68  99.1  4.0   2.4 0.4900 0.3325 1.47
1.80  93.7  3.3   2.9 0.4070 0.2751 1.48
1.60   0.9  3.3   3.9 0.3150 0.2046 1.54
1.90  98.3  4.3   4.8 0.7410 0.1680 4.41
2.10  35.2  1.7   1.7 0.3910 0.4639 0.84
2.00  26.0  1.1   1.7 0.2910 0.4694 0.62
2.50  94.2  1.7   3.1 0.3330 0.2574 1.29
1.90  99.9  5.5   3.4 0.4680 0.2347 1.99
2.60  95.7  4.0   2.0 0.8540 0.3990 2.14
2.10  87.6  2.3   1.5 0.4060 0.5355 0.76
1.70  93.8  2.9   2.8 0.2470 0.2850 0.87
1.00 100.0  3.6   3.5 0.3860 0.2273 1.70
2.40  99.4  5.7   4.5 0.2710 0.1773 1.53
2.00  99.8  3.3   3.7 0.3220 0.2156 1.49
1.95  99.9 10.6  50.7 0.4830 0.0157 30.69
2.30  82.0  1.8   6.3 0.0930 0.1267 0.73
1.80  99.9  4.6   1.3 0.5800 0.6138 0.94
1.71  98.4  3.3   3.7 0.3080 0.2156 1.43
1.60  98.1  3.3   2.9 0.3070 0.2751 1.12
2.30  82.0  3.1   1.7 0.4760 0.4694 1.01
3.00  95.9  3.6   3.9 0.3140 0.2072 1.52
1.90  71.8  2.6   4.4 0.2840 0.1813 1.57
2.00  90.5  2.7   2.0 0.4540 0.3990 1.14
2.15  95.4  3.0   2.1 0.4830 0.3729 1.30
2.40  99.6  8.6   1.9 0.0100 0.4113 0.02
2.40  84.1  3.4   1.8 0.5550 0.4433 1.25
2.80  94.3  5.8   2.7 0.4740 0.2955 1.60
2.00 100.0  8.9   9.8 0.3390 0.0814 4.16
1.70 100.0  5.9   5.3 0.4390 0.1505 2.92
1.70  98.3  6.0   5.0 0.4480 0.1596 2.81
1.57  92.0  5.8   2.2 0.6400 0.3660 1.75
1.90  61.3  4.0   2.0 0.3970 0.3970 1.00
1.54  85.5  3.7   4.9 0.2290 0.1628 1.41
1.55  89.3  3.2   5.6 0.1810 0.1425 1.27
1.73  87.0  3.1   1.8 0.3730 0.4433 0.84
2.00  56.2  1.2   0.7 0.5000 1.1238 0.44
2.03  70.0  2.0   1.9 0.3500 0.4222 0.83
2.40  86.0  1.7   2.9 0.2730 0.2751 0.99
2.00  98.3  5.5   1.7 0.4060 0.4694 0.87
2.40  99.7  6.0   1.4 0.4520 0.5699 0.79
3.20  89.4  4.4   2.1 0.4100 0.3800 1.08
2.50  88.0  2.7   1.6 0.3580 0.4987 0.72
2.46  95.0  3.5   1.2 0.6330 0.6649 0.95
2.60  98.3  3.6   2.0 0.6000 0.3990 1.50
1.20  81.6  2.9   7.1 0.1310 0.1124 1.17
2.20  89.6  3.0   3.2 0.3260 0.2493 1.31
3.00  94.3  3.0   3.0 0.2980 0.2660 1.12
1.85  79.8  2.5  16.2 0.0800 0.0491 1.63
3.00  76.1  5.5   5.4 0.1240 0.1478 0.84
2.30  91.8 10.2   4.5 0.4460 0.1773 2.52
1.75  79.7  3.6   1.9 0.5490 0.4199 1.31
2.60  99.2  4.7   1.6 0.4720 0.4987 0.95
2.60 100.0  7.0   1.9 0.3830 0.4199 0.91
2.00  99.9  6.5   2.6 0.2240 0.3069 0.73
2.30  99.7  3.6   3.9 0.2720 0.2046 1.33
2.02  99.1  5.3   2.1 0.6990 0.3746 1.87
2.09  91.5  7.0   3.0 0.5990 0.2632 2.28
2.00  81.0  4.9   1.9 0.5230 0.4267 1.23
2.20  99.4  6.3   3.7 0.4640 0.2156 2.15
2.20 100.0  7.0   4.3 0.4470 0.1856 2.41
2.35  97.7 11.8  16.4 0.1440 0.0487 2.96
2.90  99.1  9.7   5.8 0.4390 0.1376 3.19
3.20  99.7 11.0  11.6 0.2250 0.0688 3.27
2.03  78.3  3.4   3.1 0.3520 0.2574 1.37
2.10  94.0  3.7   4.5 0.2920 0.1773 1.65
1.04  99.4  3.1   3.9 0.2220 0.2046 1.09
2.50 100.0  8.6   2.9 0.6850 0.2751 2.49
2.10  99.5 11.6  19.1 0.2030 0.0418 4.86
1.89  60.9  3.9   4.7 0.2270 0.1698 1.34
1.90  99.1  4.8   2.0 0.6100 0.3990 1.53
1.30  72.4  2.9   3.2 0.3300 0.2493 1.32
1.40  66.6  2.2   2.1 0.4560 0.3873 1.18
1.32 100.0  6.8   3.0 0.5500 0.2660 2.07
1.10  68.4  2.6   2.1 0.3770 0.3800 0.99
1.42 100.0  4.9   2.6 0.7080 0.3034 2.33
2.20  64.6  4.5   1.6 0.3540 0.4836 0.73
2.00  57.5  3.9   2.2 0.3140 0.3594 0.87
1.90  99.9  6.5   7.9 0.2320 0.1010 2.30
1.60  92.4  8.5   6.7 0.1140 0.1191 0.96
2.50  86.4  2.6   6.3 0.1820 0.1271 1.43
1.90  99.5  3.7   1.0 0.4840 0.7979 0.61
1.60  83.7  3.4   4.6 0.2400 0.1730 1.39
2.00  71.9  5.4  11.2 0.1570 0.0712 2.20
1.75  99.4 11.4  11.8 0.2450 0.0676 3.62
1.80  93.0  5.2   2.3 0.3370 0.3469 0.97
1.95  75.7  1.7   1.7 0.2800 0.4694 0.60
1.95  81.8  1.8   2.5 0.2640 0.3192 0.83
2.00  97.1  4.8   2.4 0.5460 0.3395 1.61
2.20  98.7 13.5   1.8 0.3750 0.4433 0.85
2.59  96.3  3.9   3.3 0.3200 0.2418 1.32
2.46  99.4  5.6   2.2 0.6920 0.3546 1.95
2.40  98.8  4.2   1.8 0.7200 0.4433 1.62
2.40  94.6  3.1   1.4 0.5690 0.5541 1.03
1.85  95.2  7.5   3.0 0.4290 0.2660 1.61
1.50  86.3  3.5   2.1 0.6200 0.3800 1.63
1.60  96.7  4.2  18.6 0.1100 0.0429 2.56
1.70  95.1  3.2   3.8 0.2990 0.2100 1.42
1.64  96.3  3.4   7.3 0.2260 0.1093 2.07
3.00  98.5  3.0   2.8 0.4130 0.2850 1.45
2.30 100.0  6.0   4.0 0.4220 0.1995 2.12
1.95  91.1  2.7   1.8 0.4760 0.4433 1.07
1.75 100.0 13.8   5.2 0.2700 0.1520 1.78
2.40  96.8  3.1   2.1 0.4400 0.3800 1.16
2.00  97.3  7.6   5.0 0.3540 0.1612 2.20
2.00  93.8  3.2   3.3 0.2860 0.2418 1.18
2.35  99.9  4.2   3.3 0.4400 0.2418 1.82
2.60 100.0  9.6   3.9 0.7990 0.2046 3.91
2.10  97.9  3.7   5.0 0.2970 0.1596 1.86
1.95  91.2  1.7   2.2 0.3020 0.3594 0.84
1.73  91.3  2.5   2.3 0.3850 0.3500 1.10
2.05  83.7  1.7   2.3 0.2800 0.3410 0.82
2.40  98.9  3.6   2.2 0.3480 0.3627 0.96
1.70  72.3  3.0   2.0 0.4100 0.3990 1.03
1.10  84.0  3.3   9.9 0.1200 0.0806 1.49
1.10  90.0  2.2   7.4 0.1200 0.1081 1.11
1.30  93.9  3.3   4.1 0.2810 0.1927 1.46
1.10  85.9  2.7   5.1 0.1770 0.1574 1.12
3.00  99.5  4.3   4.2 0.3140 0.1900 1.65
1.50  70.5  2.9   4.5 0.2390 0.1769 1.35
2.80 100.0  4.0   2.3 0.4550 0.3469 1.31
2.00  98.7  2.9   2.4 0.2640 0.3381 0.78
2.01  84.6  5.2   2.2 0.6470 0.3546 1.82
1.60  66.4  3.2   6.8 0.1830 0.1182 1.55
1.60  95.0  3.2   5.4 0.4260 0.1478 2.88
1.15  67.1  3.0   2.4 0.3590 0.3338 1.08
1.85  99.3  3.1   3.8 0.3610 0.2100 1.72
1.70  91.2  2.6   3.4 0.3560 0.2347 1.52
2.00  90.7  4.7   2.4 0.5780 0.3284 1.76
2.50 100.0  3.5   4.9 0.3440 0.1635 2.10
2.70  99.6  6.3   5.2 0.4780 0.1534 3.12
1.40  90.8  3.9   2.9 0.4800 0.2742 1.75
2.65  77.5  3.5   1.8 0.6140 0.4433 1.39
2.10  87.6  9.3   1.5 0.6860 0.5319 1.29
1.72  99.8  4.6   2.3 0.4290 0.3469 1.24
2.50  95.8  3.2   3.2 0.2810 0.2493 1.13
1.05  97.6  4.6   2.9 0.3880 0.2751 1.41
1.70  96.1  6.0   0.7 0.8870 1.1399 0.78
2.00 100.0  5.6   2.4 0.4360 0.3325 1.31
2.00  77.7  2.5   1.6 0.4750 0.5115 0.93
2.00  99.9  6.8   4.1 0.3650 0.1946 1.88
2.50  97.8  9.9   4.6 0.4030 0.1735 2.32
2.03 100.0 13.5   4.1 0.1990 0.1946 1.02
2.01  99.8  4.6   3.9 0.3780 0.2046 1.85
2.12  19.6  1.6   7.1 0.0810 0.1121 0.72
1.90  99.7  7.3   2.7 0.6620 0.2955 2.24
1.40  79.5  2.1   3.3 0.1570 0.2418 0.65
1.45  96.7  3.0   2.1 0.3500 0.3800 0.92
2.00  93.2  6.6   2.4 0.5780 0.3395 1.70
1.75  99.8  4.0   2.5 0.6400 0.3192 2.01
2.90  84.3  2.4   1.2 0.6550 0.6649 0.99
2.00  86.1  2.4   8.4 0.3700 0.0950 3.90
2.06  88.8  2.9   2.4 0.2700 0.3325 0.81
1.50 100.0  3.3   2.7 0.2560 0.2955 0.87
1.55  22.8  2.1   2.6 0.3310 0.3081 1.07
1.70  29.2  1.9   1.7 0.2700 0.4694 0.58
1.50  99.9  5.4   6.1 0.2760 0.1308 2.11
2.95  99.0 16.6   2.9 0.9690 0.2751 3.52
2.00 100.0  9.2   6.5 0.3920 0.1228 3.19
3.00  98.6  4.2   5.4 0.2650 0.1478 1.79
2.22  99.4  4.5   2.1 0.6220 0.3800 1.64
1.90  99.9  3.1   2.8 0.4380 0.2850 1.54
2.05  94.4  3.4   2.2 0.4810 0.3627 1.33
1.90  97.9  7.3   4.4 0.4270 0.1813 2.35
2.00  99.9  3.6   2.0 0.5060 0.3990 1.27
2.40  87.7  2.9   2.6 0.4260 0.3069 1.39
2.95  70.5  2.2   2.1 0.3780 0.3782 1.00
2.50  71.7  2.5   1.4 0.4850 0.5910 0.82
2.40  65.1  2.5   3.2 0.2210 0.2478 0.89
2.35  76.3  2.4   3.2 0.2540 0.2493 1.02
2.70  99.6  3.1   3.2 0.3000 0.2493 1.20
1.10  78.9  1.6   4.7 0.1970 0.1698 1.16
2.00 100.0  5.7   3.5 0.4780 0.2280 2.10
1.85  96.7  6.4   3.9 0.4890 0.2046 2.39
1.25  92.3  6.5   6.6 0.2960 0.1209 2.45
2.80  89.9  3.8   2.0 0.3150 0.3990 0.79
1.85  92.1  1.8   3.0 0.2620 0.2660 0.99
2.41  93.2  7.6   3.9 0.3490 0.2046 1.71
2.30  95.7  3.3   3.1 0.3740 0.2566 1.46
3.30  20.9  3.1   1.3 0.5050 0.6138 0.82
2.30  87.3  3.4   2.1 0.3910 0.3800 1.03
1.60  69.9  4.4   4.5 0.2940 0.1757 1.67
2.00  97.2  4.6   4.2 0.4020 0.1877 2.14
2.02  99.2  4.5   3.1 0.4700 0.2574 1.83
2.30  98.7  7.6   2.3 0.3410 0.3469 0.98
2.50  97.8  3.6   2.2 0.4840 0.3627 1.33
1.80  98.5  9.0   3.0 0.6620 0.2660 2.49
1.88 100.0  6.4   3.0 0.7470 0.2660 2.81
2.00  99.8  5.0   5.1 0.5560 0.1565 3.55
1.84  67.3  1.6   0.5 0.4570 1.5958 0.29
1.73  99.7  5.5   2.7 0.5410 0.2955 1.83
2.00  81.4  2.2   5.1 0.0430 0.1571 0.27
1.50  93.8 13.1   7.0 0.3180 0.1140 2.79
1.65 100.0  7.0   4.0 0.3290 0.1995 1.65
2.35  99.5 11.0   4.1 0.6600 0.1946 3.39
2.00  95.8  2.4   3.0 0.3090 0.2616 1.18
3.80  99.7  5.2   3.2 0.3670 0.2493 1.47
5.90  96.4  6.8   2.3 0.8310 0.3469 2.40
2.05  91.2  5.5   2.1 0.4310 0.3800 1.13
2.10  73.8  4.1   2.2 0.4990 0.3546 1.41
1.90  98.2  3.4   3.4 0.3350 0.2347 1.43
1.80 100.0  3.6   1.9 0.3810 0.4199 0.91
2.50 100.0 39.4   5.4 0.8420 0.1478 5.70
2.00  97.1  2.4   2.1 0.5500 0.3764 1.46
2.60  85.7  3.5   2.8 0.3040 0.2850 1.07
2.30 100.0 10.4   3.9 0.6520 0.2046 3.19
2.50 100.0  6.6   3.4 0.7660 0.2347 3.26
1.25  58.2  1.8   3.0 0.2200 0.2660 0.83
2.30 100.0 10.7   8.4 0.2420 0.0950 2.55
2.03  89.6  2.5   4.2 0.1470 0.1900 0.77
2.55  94.1  1.7   2.9 0.2560 0.2751 0.93
2.50 100.0  5.0   2.0 0.3550 0.3990 0.89
2.22  97.7 13.4   5.5 0.4850 0.1451 3.34
3.20  95.4 11.7   6.8 0.4570 0.1173 3.89
1.85  81.4  4.6   1.9 0.7810 0.4199 1.86
2.85  99.7  7.6   2.0 0.3760 0.3990 0.94
2.30 100.0  4.5   4.6 0.3370 0.1735 1.94
6.76  99.6  5.7   2.3 0.7500 0.3410 2.20
2.00  73.8  1.9   1.5 0.5330 0.5319 1.00
2.25  14.7  1.7   3.0 0.2440 0.2660 0.92
2.60  84.7  3.0   3.7 0.3400 0.2156 1.58
2.20  82.2  5.9   2.6 0.8080 0.3117 2.59
3.20  95.5  2.1   1.9 0.3880 0.4199 0.92
2.00  93.3  3.2   2.2 0.5220 0.3627 1.44
1.70  97.2  3.6   4.6 0.1580 0.1735 0.91
1.35  21.0  3.3   2.8 0.3210 0.2850 1.13
1.70  99.3  6.0   2.2 0.6790 0.3627 1.87
2.40  98.7  3.5   2.1 0.6070 0.3800 1.60
1.96  80.6  6.2   2.6 0.2410 0.3057 0.79
1.85  99.3  6.3   3.3 0.4690 0.2418 1.94
3.90  77.2  6.0   1.2 0.7870 0.6487 1.21
2.00 100.0  3.8   2.5 0.2930 0.3192 0.92
2.80  99.7  3.2   1.2 0.9170 0.6649 1.38
2.30  97.4  3.4   7.5 0.1750 0.1064 1.64
2.70  99.9  8.4   4.0 0.4570 0.1995 2.29
2.40  98.7  5.9   4.3 0.4300 0.1856 2.32
2.28 100.0 14.3   2.8 0.9360 0.2850 3.28
2.90 100.0 18.9  10.9 0.2850 0.0730 3.90
2.00  75.1  4.5   2.5 0.2570 0.3192 0.81
2.30 100.0 13.5   9.6 0.3290 0.0830 3.96
1.60  96.1  9.9   0.3 0.1550 2.4326 0.06
1.75  81.9 18.4   6.6 0.6250 0.1209 5.17
2.35  87.8  3.3   2.1 0.3670 0.3860 0.95
2.00  71.6  7.0   3.0 0.4620 0.2660 1.74
2.30 100.0  7.6   2.5 0.2670 0.3192 0.84
2.98  76.3  2.4   1.8 0.2450 0.4433 0.55
2.10  98.3  6.9   2.8 0.5100 0.2871 1.78
2.40  93.4  2.4   2.3 0.4250 0.3469 1.23
1.84  78.5  4.3   2.4 0.4590 0.3357 1.37
3.15  81.0  2.2   2.6 0.4100 0.3069 1.34
2.00  87.7  4.0   3.1 0.3700 0.2574 1.44
1.85  97.7  6.6   1.2 0.3300 0.6435 0.51
2.80  92.8  2.8   1.9 0.4000 0.4199 0.95
2.40  98.5  5.0   3.2 0.5200 0.2493 2.09
1.55  82.6  1.9  11.7 0.0500 0.0682 0.73
1.95  92.5  5.0   2.8 0.3900 0.2850 1.37
1.90  99.9  3.5   3.3 0.3600 0.2425 1.48
2.50  59.3  2.2   3.4 0.3100 0.2347 1.32
2.40  99.9  4.4   2.4 0.6300 0.3325 1.89
2.40  91.0  4.7   3.4 0.4900 0.2347 2.09
2.40 100.0  4.6   2.6 0.5900 0.3069 1.92
2.50 100.0  7.0   3.4 0.5800 0.2347 2.47
2.50  98.9  3.7   3.4 0.3100 0.2319 1.34
1.90  99.9  3.1   2.2 0.3700 0.3627 1.02
2.59  97.3  7.2   4.2 0.2400 0.1900 1.26
2.30 100.0  5.8   5.1 0.3400 0.1565 2.17
3.20  69.0  1.9   2.7 0.3000 0.2955 1.02
2.40  98.6  3.6   4.8 0.2800 0.1662 1.68
3.20 100.0  3.7   2.4 0.3100 0.3325 0.93
1.80  99.9  3.7   3.4 0.5400 0.2347 2.30
1.30  90.2  2.2   2.0 0.4200 0.3990 1.05
2.80  60.4  3.7   6.4 0.2200 0.1245 1.77
1.10  82.9  1.8   2.3 0.3900 0.3469 1.12
3.00  98.0  3.8   2.3 0.6100 0.3469 1.76
1.50  95.8  2.7   3.9 0.2600 0.2046 1.27
1.20  95.2  2.7   2.5 0.3900 0.3192 1.22
2.00  88.6  9.1   4.3 0.1700 0.1856 0.92
2.35  99.1  2.5   1.6 0.4800 0.4987 0.96
1.92  88.5  5.7   1.7 0.6000 0.4694 1.28
2.05  97.0  3.9   3.0 0.3700 0.2616 1.41
1.80  99.7  3.9   3.0 0.3600 0.2616 1.38
2.55  97.0  4.1   2.7 0.5100 0.2955 1.73
2.80  99.8  4.0   2.0 0.4000 0.3990 1.00
1.70  87.8  3.2   5.2 0.1800 0.1534 1.17
1.95  99.2  3.0   2.3 0.4200 0.3469 1.21
2.00  89.0  3.4   1.7 0.7700 0.4694 1.64
3.00  98.8  5.6   4.8 0.2900 0.1662 1.74
2.20  94.7  2.5   4.5 0.2800 0.1773 1.58
2.10  99.2  5.9   5.5 0.2800 0.1451 1.93
2.10  96.1  3.5   3.5 0.3000 0.2280 1.32
3.00  96.2  2.8   2.4 0.4000 0.3325 1.20
1.90 100.0  3.0   2.1 0.4600 0.3711 1.24
1.80 100.0  5.9   2.9 0.8100 0.2751 2.94
1.67  97.0  2.6   8.0 0.1100 0.0997 1.10
2.41  99.4  3.1   2.3 0.5000 0.3469 1.44
1.40  41.8  2.2   7.7 0.1100 0.1036 1.06
2.40  97.9  3.3   2.2 0.3300 0.3627 0.91
1.04  94.0  2.1   1.7 0.5900 0.4694 1.26
2.10  97.0  2.5   4.4 0.2100 0.1813 1.16
1.70  89.9  3.9   2.3 0.4800 0.3515 1.37
2.10  46.6  2.0   3.0 0.2500 0.2660 0.94
1.75  85.2  3.9   3.4 0.2700 0.2347 1.15
1.80  96.9 11.8   3.1 0.7300 0.2574 2.84
1.75  80.4  3.7   3.2 0.4500 0.2493 1.80
2.80  93.0  1.6   1.4 0.3900 0.5867 0.66
1.80  99.0  2.7   1.1 0.5300 0.7254 0.73
1.90  98.0  3.7   3.6 0.3500 0.2216 1.58
1.80  82.1  4.0   4.1 0.2000 0.1946 1.03
1.60  99.3  3.7   4.8 0.2600 0.1662 1.56
1.20  92.0  3.0   7.0 0.1100 0.1140 0.97
1.70 100.0 15.5   6.5 0.3500 0.1228 2.85
2.30  89.7  2.0   5.0 0.3000 0.1596 1.88
3.20  74.8  8.0   2.1 0.3200 0.3800 0.84
2.00  95.7  1.9   3.0 0.2500 0.2660 0.94
1.90  83.7  3.0   3.0 0.4500 0.2660 1.69
2.20  90.0  7.1   6.0 0.2200 0.1330 1.65
2.70  99.7  3.9   2.0 0.3800 0.3990 0.95
1.50  97.7  3.6   4.6 0.4300 0.1735 2.48
1.40  61.6  3.2   4.3 0.3100 0.1851 1.67
1.70  99.9 10.8   5.2 0.4800 0.1534 3.13
2.60  99.8  4.0   3.0 0.5300 0.2660 1.99
1.75  99.0  3.5   3.0 0.3700 0.2660 1.39
2.00  96.1 12.7   2.6 0.2800 0.3069 0.91
2.10  97.5  2.9   1.8 0.5400 0.4433 1.22
2.85  67.2  3.4   2.6 0.5400 0.3045 1.77
2.20  98.8  4.2   2.2 0.4000 0.3627 1.10
1.60  92.7  2.1   4.4 0.2000 0.1813 1.10
1.90  99.1  3.2   3.3 0.4100 0.2418 1.70
2.50  99.7  4.9   3.8 0.3800 0.2100 1.81
2.89  88.5  3.0   2.5 0.4200 0.3192 1.32
2.25  97.5  3.7   2.0 0.3000 0.3990 0.75
1.90  78.7  4.0   2.1 0.4600 0.3782 1.22
1.80  77.5  3.0   3.5 0.1900 0.2280 0.83
1.77  51.0  1.8   4.2 0.1800 0.1900 0.95
1.70  73.1  2.0   2.8 0.2600 0.2850 0.91
1.80  61.0  2.5   3.0 0.2400 0.2660 0.90
2.30  99.9  5.3   1.7 0.4600 0.4694 0.98
2.30  97.8 11.4   2.1 0.3700 0.3800 0.97
1.20  97.8  4.9   2.4 0.3000 0.3325 0.90
1.00  90.6  2.3   5.0 0.1800 0.1589 1.13
1.40  90.3  1.9   3.2 0.2400 0.2455 0.98
1.00  90.7  2.3   4.3 0.2100 0.1843 1.14
1.40  94.8  2.5   3.8 0.2600 0.2094 1.24
1.40  97.2  2.5   3.4 0.3000 0.2382 1.26
1.20  93.5  2.1   6.5 0.1200 0.1233 0.97
1.20  94.0  2.1   5.8 0.1400 0.1388 1.01
1.28  98.8  5.1   4.9 0.3000 0.1628 1.84
1.40  99.4  7.7   6.4 0.2900 0.1245 2.33
1.50  98.0  3.6   3.7 0.3000 0.2174 1.38
2.60  97.2  8.2   3.2 0.4000 0.2493 1.60
2.20  94.2  2.6   2.5 0.3000 0.3192 0.94
1.80 100.0 35.9  15.0 0.4000 0.0532 7.52
2.20  85.5  2.2   5.8 0.1300 0.1376 0.94
2.00  95.8  3.5   7.4 0.1600 0.1078 1.48
2.20  92.3  4.0   8.0 0.1400 0.0997 1.40
2.70  90.5  3.9   6.3 0.1800 0.1267 1.42
2.30  91.1  2.0   3.8 0.8500 0.2100 4.05
2.60  97.4  2.4   2.1 0.3300 0.3800 0.87
2.41  82.5  6.7   8.8 0.2100 0.0905 2.32
2.70  84.0  2.7   5.4 0.2200 0.1478 1.49
2.10  89.9  4.3   2.9 0.2200 0.2751 0.80
2.30  99.9  3.6   2.5 0.5900 0.3192 1.85
2.60  91.5  4.0   2.6 0.2700 0.3069 0.88
1.20  91.8  4.5   1.4 0.6100 0.5699 1.07
1.55  99.7  4.3   1.4 0.5100 0.5699 0.89
1.50  97.6  3.3   3.1 0.3300 0.2574 1.28
2.55 100.0 14.8   1.9 0.3900 0.4199 0.93
2.40  99.9 31.2   1.9 0.3900 0.4199 0.93
2.00 100.0  9.0   2.0 0.4100 0.3990 1.03
2.20 100.0  9.0   3.0 0.3400 0.2660 1.28
2.80 100.0  5.0   3.0 0.3500 0.2660 1.32
1.50  95.9  3.9   4.1 0.3300 0.1937 1.70
1.50  95.9  3.9   5.0 0.2700 0.1602 1.69
2.90  75.8  4.7   2.0 0.5100 0.3990 1.28
2.40  99.7  7.0   3.2 0.5400 0.2493 2.17
2.50 100.0 21.5   8.8 0.3300 0.0907 3.64
1.60  88.0  2.4   9.3 0.0700 0.0857 0.82
2.90  99.8  5.2   3.2 0.1700 0.2493 0.68
2.00  99.8 13.1   2.2 0.3400 0.3562 0.95
2.70 100.0  6.3   2.1 0.7900 0.3800 2.08
2.50  98.0  3.0   1.7 0.7100 0.4694 1.51
2.45  81.7  2.4   3.0 0.3800 0.2660 1.43
2.40  97.6  4.5   2.1 0.5700 0.3800 1.50
2.60  72.2  1.9   3.1 0.2900 0.2574 1.13
1.95  90.0  2.1   1.6 0.5100 0.4987 1.02
2.40  99.0  5.6   4.0 0.4800 0.1995 2.41
2.95  93.0  3.2   2.4 0.5100 0.3325 1.53
2.80  99.0  4.8   4.0 0.4800 0.1995 2.41
2.20  95.9  3.0   2.2 0.4400 0.3627 1.21
1.50  98.2  3.3   2.7 0.2630 0.2955 0.89
1.15 100.0  6.3   4.9 0.3180 0.1628 1.95
1.64  97.1  3.9   6.3 0.1740 0.1267 1.37
1.04  91.0  6.7   4.5 0.3460 0.1773 1.95
2.20  99.4  4.4   5.0 0.3100 0.1596 1.94
1.80  89.0  3.5   3.6 0.1900 0.2192 0.87
1.62  97.1  4.8   4.3 0.3700 0.1843 2.01
2.50  81.4  3.6   4.5 0.1800 0.1773 1.02
1.80  95.2  2.4   2.6 0.2700 0.3011 0.90
1.33  96.4  3.9   2.9 0.4800 0.2790 1.72
2.40  97.6  3.4   2.0 0.5100 0.3990 1.28
2.40  60.0  0.9   1.9 0.2500 0.4199 0.60
2.31  56.7  3.7   3.1 0.5300 0.2549 2.08
2.80 100.0 15.4   3.7 0.7500 0.2156 3.48
1.50  95.1  3.8   3.1 0.2300 0.2591 0.89
1.90  97.7  3.7   2.8 0.4400 0.2850 1.54
2.05  97.2  4.6   2.0 0.7200 0.3990 1.80
2.40  98.8  7.0   3.8 0.0400 0.2100 0.19
2.70  99.3  4.4   2.7 0.4100 0.2955 1.39
2.00  99.1  8.4   3.5 0.5000 0.2280 2.19
2.50  96.6  5.0   2.0 0.3800 0.3990 0.95
1.68  71.8  2.1  11.3 0.0600 0.0706 0.85
2.90   7.0  1.0   1.4 0.5000 0.5699 0.88
3.00  96.3  3.0   4.3 0.2700 0.1856 1.46
2.20  66.0  4.0   3.6 0.3600 0.2216 1.62
2.00  99.6  5.1   2.8 0.4400 0.2850 1.54
2.10  50.0  2.1   2.4 0.2700 0.3325 0.81
2.95  97.6  4.9   5.4 0.3100 0.1478 2.10
2.00  95.1  1.0   3.6 0.2300 0.2216 1.04
2.79  96.0  3.8   2.0 0.6200 0.3990 1.55
1.70  97.4  6.3   3.1 0.6400 0.2574 2.49
3.00 100.0  8.2   1.5 0.4900 0.5319 0.92
2.40  90.4  3.0   1.8 0.4000 0.4433 0.90
1.75  97.4  3.7   1.9 0.6400 0.4199 1.52
2.00  94.0  2.7   1.6 0.5900 0.5115 1.15
2.10  83.2  2.0   2.7 0.4400 0.2955 1.49
1.60 100.0  4.7   3.6 0.3200 0.2216 1.44
2.00  98.8  3.5   5.5 0.2600 0.1451 1.79
1.40  88.0  2.4   3.9 0.1600 0.2046 0.78
2.10  99.0  1.0   1.0 0.4300 0.7979 0.54
2.10  90.1  3.6   3.5 0.3100 0.2280 1.36
3.00 100.0  7.0   1.8 0.4200 0.4433 0.95
2.30  99.5  4.4   1.3 0.4600 0.6138 0.75
2.40 100.0  5.0   2.3 0.3200 0.3469 0.92
2.12  89.7  4.5   3.4 0.3100 0.2347 1.32
2.80  98.9  3.2   1.0 0.5100 0.7979 0.64
2.20  89.4  1.3   2.7 0.3900 0.2955 1.32
2.00  10.7  2.9   1.1 0.9200 0.7254 1.27
2.00  96.1  5.1   5.0 0.0500 0.1596 0.31
1.95  92.1  3.4   3.1 0.3900 0.2574 1.52
2.20  98.3  3.0   2.5 0.3400 0.3192 1.07
3.30  84.0  5.0   2.3 0.6100 0.3469 1.76
2.40  78.2  2.6   2.2 0.6900 0.3627 1.90
2.40 100.0  7.4   2.0 0.3700 0.3990 0.93
1.45  54.4  1.4   1.4 0.6800 0.5699 1.19
2.44   6.0  1.0   2.2 0.3000 0.3627 0.83
2.80  10.0  1.0  10.0 0.3300 0.0798 4.14
2.19 100.0  4.9   7.7 0.3600 0.1036 3.47
2.76  82.9  1.9   1.2 0.3600 0.6649 0.54
2.10  96.5  4.8   2.8 0.4600 0.2850 1.61
1.80  96.7  6.2   3.1 0.4700 0.2574 1.83
2.24  91.1  4.5   5.0 0.2100 0.1596 1.32
2.10  98.2  3.7   2.4 0.4400 0.3325 1.32
1.92  98.0 10.8   8.6 0.0700 0.0928 0.75
2.10  97.7  8.0   2.6 0.2900 0.3069 0.94
1.90  96.4 11.2   5.5 0.0700 0.1443 0.49
2.00  96.4  7.2   4.6 0.3200 0.1735 1.84
1.83  83.5  1.7   2.1 0.3800 0.3800 1.00
3.45  85.0  6.6   2.4 0.3700 0.3297 1.12
2.05  93.1  1.7   1.6 0.3700 0.4987 0.74
2.00  80.0  2.4   5.0 0.3500 0.1596 2.19
1.50  95.4  4.5   2.9 0.2700 0.2751 0.98
2.00  93.0  2.4   3.4 0.3000 0.2347 1.28
2.70 100.0  7.3   2.4 0.3100 0.3325 0.93
1.90  85.2  2.7   2.4 0.4500 0.3338 1.35
1.73  85.2  2.7   5.8 0.1100 0.1376 0.80
1.70  89.6  2.4   1.0 0.9000 0.7979 1.13
1.50  89.6  6.2   4.4 0.3800 0.1813 2.10
2.32  71.6 10.0   2.1 0.3400 0.3800 0.89
3.00 100.0  9.2   2.9 0.2600 0.2751 0.94
0.94  79.5  3.7   1.3 0.3800 0.6234 0.61
2.90  51.2  2.4   3.1 0.3000 0.2541 1.18
2.00  95.1  5.4   4.5 0.3000 0.1773 1.69
1.95  95.0  3.7   3.7 0.1200 0.2156 0.56
2.00  97.7  6.5   4.4 0.4100 0.1813 2.26
2.50 100.0  5.0   3.0 0.4500 0.2660 1.69
2.80  93.3  5.8   3.5 0.4100 0.2280 1.80
3.20  99.5  3.6   2.6 0.3800 0.3069 1.24
2.75  98.4  3.1   4.1 0.3600 0.1946 1.85
2.40  96.2  3.2   3.9 0.3100 0.2041 1.52
1.40  99.6  3.2   2.1 0.3000 0.3800 0.79
2.35  98.8  2.9   4.7 0.2300 0.1687 1.36
1.30  99.9  3.7   2.4 0.5700 0.3325 1.71
1.90  60.8  1.6   2.0 0.5300 0.3990 1.33
2.40  80.3  6.2   4.0 0.1800 0.1995 0.90
2.60  94.3  5.1   2.3 0.5900 0.3484 1.69
1.70 100.0  9.0   5.4 0.4600 0.1478 3.11
2.00  65.7  2.9   2.7 0.3400 0.2955 1.15
1.50  87.7  3.3   1.8 0.3100 0.4433 0.70
2.50  94.6  6.5   2.7 0.4400 0.2955 1.49
1.80  95.4  2.5   2.5 0.3700 0.3192 1.16
1.80  99.7  6.1   4.2 0.5200 0.1900 2.74
1.50  96.3  5.3  14.5 0.1000 0.0550 1.82
2.30 100.0  2.7   3.5 0.2800 0.2248 1.25
2.10  69.1  2.1   2.4 0.3400 0.3325 1.02
1.60  98.0  5.3  17.0 0.0900 0.0469 1.92
1.91  83.7  3.8   4.2 0.3600 0.1900 1.89
3.18  94.0  3.0   4.9 0.2400 0.1628 1.47
2.89  95.4  3.0   6.2 0.3200 0.1287 2.49
2.20  99.9  3.8   4.6 0.2900 0.1735 1.67
2.55 100.0  7.5   4.4 0.4800 0.1813 2.65
2.30  53.8  7.7   2.1 0.5400 0.3800 1.42
2.20  92.2  7.8   5.0 0.3200 0.1596 2.01
1.70  99.6  3.7   1.9 0.3800 0.4199 0.90
2.00  99.9  3.5   7.5 0.1700 0.1064 1.60
0.90  85.9  2.5   2.0 0.5500 0.3990 1.38
1.12  88.0  2.6   2.5 0.4000 0.3192 1.25
1.90  88.2  5.9   5.9 0.3100 0.1352 2.29
1.54 100.0  2.1   5.0 0.2900 0.1596 1.82
1.67  99.3  3.3   3.4 0.3200 0.2347 1.36
2.30 100.0  3.6   3.8 0.2800 0.2100 1.33
2.15  96.8  2.7   3.4 0.2800 0.2347 1.19
1.15  97.7  2.3   2.0 0.4200 0.3990 1.05
3.10  99.6  3.3   3.5 0.5000 0.2280 2.19
1.15  81.2  2.5   2.3 0.2900 0.3469 0.84
2.40  80.8  2.3   2.0 0.3700 0.3990 0.93
1.10  88.8  3.5   2.0 0.6700 0.3990 1.68
2.30  63.1  3.0   2.4 0.3700 0.3395 1.09
1.80  98.2 22.9   1.7 0.4400 0.4694 0.94
2.10  82.7  4.7   3.8 0.3400 0.2100 1.62
2.80  99.7  3.5   2.8 0.3600 0.2850 1.26
2.70  92.7  3.7   2.9 0.3700 0.2751 1.34
1.50  90.1  3.3   3.3 0.2600 0.2418 1.08
1.75  97.9  3.5   3.4 0.2900 0.2347 1.24
2.90  94.5  3.7   2.0 0.5300 0.3990 1.33
2.20 100.0  4.1   1.8 0.5500 0.4433 1.24
1.70  99.5  5.1   2.8 0.4800 0.2850 1.68
2.60  86.6  4.6   2.4 0.5900 0.3325 1.77
1.70 100.0  5.1   1.9 0.6700 0.4199 1.60
2.40  91.3  4.5   2.5 0.5500 0.3192 1.72
2.85  96.7  9.0   3.5 0.8100 0.2280 3.55
2.00  99.8 13.9   4.9 0.5600 0.1628 3.44
2.79  77.8  6.2   3.7 0.3300 0.2156 1.53
2.10  93.0  5.6   6.9 0.2200 0.1156 1.90
2.70  95.4  2.0   2.9 0.3000 0.2751 1.09
2.80  83.0  1.8   2.4 0.1800 0.3325 0.54
2.35  95.2  1.7   2.2 0.3800 0.3627 1.05
3.20  97.0  1.8   2.5 0.3400 0.3192 1.07
3.10  98.4  2.0   2.0 0.3500 0.3990 0.88
3.05  97.0  1.9   2.3 0.3700 0.3469 1.07
2.95  98.2  2.0   2.4 0.3200 0.3325 0.96
2.90  96.8  1.9   2.6 0.3600 0.3069 1.17
2.70  96.6  1.9   2.8 0.3200 0.2850 1.12
2.25  98.1  2.0   2.5 0.3900 0.3192 1.22
2.45  99.9  2.5   3.2 0.3800 0.2493 1.52
2.40  95.2 12.0   6.9 0.4300 0.1156 3.72
2.40  95.1  2.5   3.6 0.3200 0.2216 1.44
2.60  87.2  2.3   4.4 0.2000 0.1813 1.10
2.50  97.8  1.7   2.1 0.3900 0.3800 1.03
2.65  99.6  2.7   3.0 0.3800 0.2660 1.43
2.60  98.4  2.9   2.9 0.4000 0.2751 1.45
2.30  97.8  2.1   2.7 0.3100 0.2955 1.05
2.60  99.4  3.0   3.5 0.3600 0.2280 1.58
2.40  80.8  3.6   6.4 0.1800 0.1239 1.45
1.85  88.8  3.7   1.1 0.6200 0.7254 0.85
1.75  99.2  3.5   2.3 0.4500 0.3469 1.30
1.75  99.6  3.5   2.1 0.4600 0.3800 1.21
1.55  99.8  3.8   3.9 0.2600 0.2046 1.27
1.55  99.9  3.8   1.7 0.6200 0.4694 1.32
1.50 100.0  4.0   3.1 0.3800 0.2574 1.48
1.50 100.0  3.9   1.0 1.0900 0.7979 1.37
3.30  62.3  1.7   1.7 0.6700 0.4694 1.43
1.30  98.8  2.8   4.0 0.2200 0.1995 1.10
1.30  93.4  2.9   3.6 0.2500 0.2216 1.13
1.30  93.2  2.8   3.0 0.2200 0.2660 0.83
1.30  93.0  2.8   3.0 0.2300 0.2660 0.86
1.30  93.0  2.8   3.6 0.2300 0.2216 1.04
2.20  98.4  3.1   3.0 0.4100 0.2660 1.54
2.00  77.6  4.0   2.3 0.5800 0.3515 1.65
1.85  91.4  2.1   2.2 0.3400 0.3627 0.94
1.90  97.5  2.3   6.1 0.1100 0.1308 0.84
1.70  99.1  1.9   1.9 0.3100 0.4199 0.74
3.01  92.9  2.8   3.2 0.2300 0.2525 0.91
2.40  99.9  5.7   3.0 0.2600 0.2660 0.98
2.15  91.4  5.2   2.4 0.3000 0.3311 0.91
2.80  99.9 14.3   1.6 0.4800 0.4987 0.96
2.15  98.6  5.2   5.7 0.1210 0.1400 0.86
2.45 100.0  3.8   2.5 0.4840 0.3192 1.52
2.05  95.4  2.0   2.5 0.2600 0.3192 0.81
3.30  98.4  4.4   7.3 0.2200 0.1089 2.02
2.20  72.7  2.3   4.4 0.1600 0.1813 0.88
1.95  80.7  3.8   2.8 0.2500 0.2850 0.88
2.60  99.6  6.1   3.0 0.5400 0.2660 2.03
1.54  26.5  1.6   2.3 0.2500 0.3469 0.72
2.00  96.9  5.8   2.4 0.2500 0.3325 0.75
1.85  75.2  3.8   3.0 0.2300 0.2660 0.86
1.90  56.0  2.1   3.1 0.3100 0.2574 1.20
1.50  36.5  5.8   1.8 0.8100 0.4483 1.81
2.87  97.2  3.9   5.0 0.2900 0.1580 1.84
1.58  92.9  4.2   4.1 0.2700 0.1946 1.39
1.90  97.8  3.7   3.2 0.3300 0.2455 1.34
1.90  97.0  2.9   3.4 0.2400 0.2347 1.02
2.05  80.0  2.0   2.0 0.4400 0.3990 1.10
2.45  99.0  6.2   3.3 0.5500 0.2433 2.26
1.65  99.1  4.5   2.0 0.4800 0.3892 1.23
2.15  87.7  5.4   5.1 0.2900 0.1565 1.85
3.20 100.0  8.0   3.0 0.4400 0.2660 1.65
2.45 100.0  9.0   3.0 0.4300 0.2660 1.62
2.00  96.3  4.5   3.0 0.4000 0.2660 1.50
1.50  89.0  1.5   3.6 0.1900 0.2216 0.86
1.15  92.0  5.1   4.0 0.3300 0.1995 1.65
1.50  99.8  5.2   2.7 0.5800 0.2955 1.96
1.55  97.0  3.2   4.0 0.3600 0.1995 1.80
3.20  96.7 15.0   5.2 0.5100 0.1534 3.32
1.45  96.1  3.2   2.3 0.5400 0.3515 1.54
1.60  98.1  4.8   4.9 0.3100 0.1628 1.90
1.86  99.1  8.5   4.1 0.1800 0.1946 0.92
2.50  99.0  7.5   7.5 0.5100 0.1064 4.79
2.50 100.0  6.2   3.3 0.5900 0.2418 2.44
2.07  81.9  1.0   3.0 0.2690 0.2660 1.01
1.95  88.8  2.0   3.2 0.2300 0.2493 0.92
2.00  90.4  2.7   6.3 0.1200 0.1267 0.95
1.90  62.6  3.7   5.9 0.1500 0.1352 1.11
1.75  98.0  3.4   2.8 0.4600 0.2850 1.61
2.60  94.1  4.0   1.6 0.4900 0.4987 0.98
1.35  94.5  2.7   2.8 0.4400 0.2850 1.54
2.60 100.0  3.8   1.5 0.4800 0.5319 0.90
1.90 100.0  3.8   2.7 0.2600 0.2955 0.88
2.20  94.9  4.5   1.9 0.4400 0.4199 1.05
2.00  77.9  3.5   2.3 0.3100 0.3469 0.89
2.60  98.3  2.3   1.8 0.5300 0.4433 1.20
1.95  86.0  3.6   1.7 0.5200 0.4694 1.11
1.20  84.0  4.3   1.7 0.5700 0.4694 1.21
1.90 100.0  5.5   3.3 0.4700 0.2418 1.94
1.90  98.0  3.8   2.8 0.3300 0.2850 1.16
2.00  99.5  4.0   4.9 0.3000 0.1628 1.84
2.65 100.0  6.8   3.0 0.4300 0.2660 1.62
2.27 100.0  6.4   5.9 0.3200 0.1352 2.37
1.80  99.8  3.9   1.8 0.2900 0.4336 0.67
2.10  96.7  3.1   1.3 0.7200 0.6138 1.17
1.80  94.3  2.7   7.6 0.1400 0.1050 1.33
1.90  99.7  5.2   2.7 0.2700 0.2955 0.91
2.60  99.9  3.7   2.8 0.4400 0.2850 1.54
2.61  93.5  2.0   2.5 0.2900 0.3192 0.91
1.80  93.1  2.8   2.0 0.5100 0.3990 1.28
3.30  98.1  2.1   2.7 0.3300 0.2955 1.12
1.55  96.5  2.4   2.3 0.2800 0.3500 0.80
1.75 100.0  5.1   2.8 0.5300 0.2850 1.86
1.70 100.0  6.7   2.7 0.6000 0.2955 2.03
2.90  96.6  3.0   3.1 0.3600 0.2574 1.40
2.00  99.9  4.8   2.4 0.4500 0.3325 1.35
2.01  71.0  6.0   4.0 0.4300 0.2020 2.13
2.27  99.9 13.2   5.5 0.5200 0.1451 3.58
1.60  93.6  2.5   2.1 0.5700 0.3800 1.50
1.73 100.0  7.1   3.8 0.4900 0.2100 2.33
7.01 100.0  7.0   2.1 0.3600 0.3873 0.93
2.70  93.8  3.4   3.4 0.3900 0.2347 1.66
2.10  78.1  3.9   2.8 0.4200 0.2850 1.47
2.80  83.2  4.3   2.7 0.5400 0.2955 1.83
3.10  91.6  4.9   2.6 0.6200 0.3069 2.02
3.30  95.3  4.3   2.4 0.7500 0.3325 2.26
2.50  98.2  7.1   5.1 0.3400 0.1574 2.16
2.80  99.9  6.9   1.1 0.5600 0.7254 0.77
1.80  98.8  4.1   2.8 0.2600 0.2850 0.91
1.90  92.0  2.6   2.4 0.5900 0.3338 1.77
2.10  99.8  4.0   2.4 0.4500 0.3325 1.35
2.60  87.1  2.0   2.6 0.3900 0.3069 1.27
2.35  82.9  1.0   3.7 0.3500 0.2156 1.62
1.84  86.5  4.1   5.2 0.2900 0.1531 1.89
1.51  96.4  2.8   2.3 0.8100 0.3469 2.33
2.70  92.9  4.1   6.5 0.2400 0.1224 1.96
2.33  95.6  4.5   5.4 0.0300 0.1486 0.20
1.85  82.5  1.7   2.3 0.5700 0.3469 1.64
2.40  87.0  1.5   2.3 0.6100 0.3469 1.76
2.32  90.3  3.5   5.0 0.2800 0.1609 1.74
1.93  89.8  4.2   5.3 0.2700 0.1505 1.79
2.70  92.8  2.0   2.2 0.3400 0.3627 0.94
1.93  29.2  0.7   3.6 0.2400 0.2223 1.08
1.60  87.9  2.7   2.7 0.4000 0.2944 1.36
2.40  93.3  3.7   2.4 0.4800 0.3338 1.44
1.30  98.1  2.7   2.4 0.4200 0.3297 1.27
2.90  94.5  6.1   2.5 0.9400 0.3192 2.95
2.60 100.0 11.3   1.6 0.4700 0.5082 0.92
2.70  99.4  5.1   2.4 0.7000 0.3325 2.11
1.35  87.8  2.3   2.8 0.8500 0.2850 2.98
2.65  99.9  3.6   2.1 0.7100 0.3800 1.87
1.80 100.0  6.3   2.0 0.0400 0.3990 0.10
2.38  10.0  1.1   1.5 0.2000 0.5319 0.38
2.50  99.9  3.6   3.6 0.6400 0.2216 2.89
1.55  99.9  5.5   2.0 0.7400 0.3990 1.85
2.00 100.0  7.1   1.9 0.9300 0.4199 2.21
1.80  63.1  1.7   2.3 0.2600 0.3515 0.74
1.50  99.9  3.6   3.6 0.2100 0.2216 0.95
2.10 100.0  3.7   5.3 0.2200 0.1517 1.45
3.10  81.6  3.0   1.2 0.8500 0.6649 1.28
2.00  97.7  3.5   1.7 0.4500 0.4694 0.96
1.40  95.4  3.5   5.5 0.2300 0.1451 1.59
3.30 100.0  5.8   3.7 0.4300 0.2156 1.99
1.70  99.7  3.8   2.2 0.4400 0.3627 1.21
2.30  99.1 22.0   4.1 1.0000 0.1946 5.14
2.10  91.9  3.4   4.5 0.3300 0.1773 1.86
2.05 100.0  4.8   9.3 0.1500 0.0858 1.75
2.80 100.0  4.3   2.1 0.4800 0.3818 1.26
2.80 100.0  7.7   2.8 0.7700 0.2850 2.70
2.90  90.7  4.1   2.1 0.3600 0.3800 0.95
2.50  82.0  5.3   1.9 0.5700 0.4199 1.36
2.20  86.1  7.0   7.5 0.1800 0.1064 1.69
2.55  54.1  2.5   3.4 0.2900 0.2340 1.24
1.90  99.1  2.4   1.8 0.5100 0.4433 1.15
1.25  88.1  2.9   5.2 0.2600 0.1520 1.71
1.74 100.0  4.8   5.4 0.3000 0.1469 2.04
2.15 100.0  3.8   2.5 0.5000 0.3192 1.57
1.95  96.9  1.9   2.9 0.2300 0.2751 0.84
1.80  84.1  2.0   1.1 0.4800 0.7254 0.66
1.80  76.6  3.4   1.8 0.3400 0.4433 0.77
3.00  97.6 12.3   3.5 0.4800 0.2280 2.11
1.90  88.6  3.7   2.5 0.3100 0.3192 0.97
1.90  81.1  3.7   1.8 0.4000 0.4433 0.90
1.90  72.9  3.1   2.9 0.2200 0.2751 0.80
2.00  65.3  1.1   1.6 0.4200 0.4987 0.84
1.70  99.7  6.6   3.9 0.5100 0.2046 2.49
2.60  97.0  2.7   2.0 0.5200 0.4010 1.30
2.61  72.4  3.0   3.5 0.3000 0.2280 1.32
2.40  98.1  6.9   3.8 0.5300 0.2100 2.52
1.05  91.3  3.2   3.5 0.4000 0.2280 1.75
2.70  99.9  3.6   2.4 0.4800 0.3325 1.44
1.60  96.5  2.9   4.3 0.2500 0.1856 1.35
1.40  99.0  3.3   2.5 0.4900 0.3192 1.54
1.50 100.0  7.2  13.0 0.1200 0.0614 1.96
2.70  99.9  3.8   2.8 0.5900 0.2850 2.07
3.00  61.2  1.5   2.2 0.3300 0.3627 0.91
2.85  71.8  1.5   3.2 0.2400 0.2493 0.96
2.40  76.9  6.0   6.0 0.2200 0.1330 1.65
2.10  66.4  2.0   3.5 0.1700 0.2280 0.75
1.90  98.5 20.8   3.9 0.2000 0.2046 0.98
1.70  97.6  7.5   2.2 0.3400 0.3627 0.94
1.85  94.5  3.6   3.7 0.2000 0.2156 0.93
1.90  99.6  6.0   2.8 0.2400 0.2850 0.84
1.95  87.7  5.1   4.1 0.2900 0.1946 1.49
2.00  99.2  4.0   5.4 0.2100 0.1478 1.42
2.90  99.6  3.8   2.3 0.5700 0.3469 1.64
1.50 100.0 10.4  12.2 0.1900 0.0654 2.91
1.50 100.0 10.5  13.6 0.1900 0.0587 3.24
1.90 100.0 10.6   6.8 0.4200 0.1173 3.58
1.50 100.0 16.2  10.0 0.3800 0.0798 4.76
1.60  79.0  3.4   3.4 0.2200 0.2347 0.94
2.30  93.3  2.6   1.0 0.8900 0.7979 1.12
1.80  93.5  3.3   2.8 0.3700 0.2850 1.30
1.90  95.7  6.4   3.8 0.5000 0.2100 2.38
1.90  92.4  3.1   2.9 0.3200 0.2751 1.16
2.70  99.3 10.7   4.1 0.5300 0.1946 2.72
2.10  98.8  5.2   4.7 0.2500 0.1698 1.47
1.80  88.9  4.2   2.3 0.5700 0.3515 1.62
2.80 100.0  7.3   3.7 0.4700 0.2156 2.18
2.25  99.9  5.4   4.4 0.4500 0.1813 2.48
1.24  78.4  2.2   2.3 0.3700 0.3469 1.07
2.25  98.8  3.8   2.8 0.5200 0.2850 1.82
1.24  92.5  2.2   2.2 0.4000 0.3627 1.10
1.07  87.4  2.3   2.5 0.3400 0.3192 1.07
1.90  98.5 11.2   3.3 0.3100 0.2425 1.28
2.10 100.0  7.0   3.0 0.5800 0.2660 2.18
2.10 100.0  4.5   3.0 0.4100 0.2660 1.54
2.20  87.4  2.0   2.1 0.3700 0.3800 0.97
1.27 100.0  3.2   2.2 0.3900 0.3627 1.08
1.10  72.6  1.7   2.9 0.2000 0.2751 0.73
1.09  86.6  3.9   4.8 0.2900 0.1662 1.74
2.90  68.8  2.3   2.5 0.3700 0.3192 1.16
1.90 100.0  3.6   1.6 0.3900 0.5148 0.76
3.60 100.0  6.6   1.8 0.4000 0.4433 0.90
2.50  99.9  3.9   4.1 0.3500 0.1946 1.80
3.00  98.3  5.4   3.5 0.4800 0.2280 2.11
1.45  96.1  8.4   7.7 0.2660 0.1036 2.57
2.30  94.8  6.0   2.9 0.2620 0.2751 0.95
2.90  98.5  3.2   2.3 0.3280 0.3469 0.95
2.90 100.0 11.0   5.2 0.8480 0.1534 5.53
2.50  99.8  4.1   4.2 0.3390 0.1900 1.78
2.20  97.3  3.6   6.3 0.2210 0.1267 1.74
1.84 100.0  5.5   4.8 0.3290 0.1662 1.98
2.00 100.0 14.8   9.0 0.3000 0.0887 3.38
2.10  99.9  4.5   3.3 0.2560 0.2440 1.05
1.33  98.3  3.3   1.8 0.2690 0.4433 0.61
1.64  96.4  5.2   4.1 0.2270 0.1946 1.17
1.80  97.3  9.6  10.1 0.1880 0.0790 2.38
1.70 100.0  7.1  10.2 0.1290 0.0782 1.65
2.00  99.8  7.2  19.5 0.1040 0.0408 2.55
1.65  96.1  3.5   6.4 0.1860 0.1247 1.49
2.60  98.9  3.1   2.4 0.4450 0.3325 1.34
3.20  67.8  7.4   5.1 0.3050 0.1565 1.95
2.90 100.0  4.7   2.1 0.4080 0.3800 1.07
2.90  99.8  5.4   2.6 0.4140 0.3069 1.35
2.40  98.8  4.4   2.9 0.4200 0.2751 1.53
2.20  97.0  5.7   6.3 0.1230 0.1267 0.97
2.40  97.0  5.0   3.2 0.4720 0.2493 1.89
1.80  93.0  4.8  10.7 0.1300 0.0746 1.74
1.94 100.0  7.2   5.4 0.3130 0.1478 2.12
2.10   0.3  3.9   2.1 0.2780 0.3800 0.73
1.96  96.0 12.2   7.2 0.3190 0.1108 2.88
1.65  99.5  6.5   5.0 0.2290 0.1599 1.43
1.65 100.0  9.4   6.0 0.3080 0.1330 2.32
1.90 100.0 10.6   8.8 0.2930 0.0907 3.23
1.00  76.0  4.5   5.9 0.2130 0.1355 1.57
1.90 100.0  7.5   3.0 0.3980 0.2686 1.48
1.70  95.4  8.1   2.5 0.6080 0.3192 1.91
1.90  87.5  2.8   2.3 0.4680 0.3469 1.35
2.29  86.1  2.9   5.1 0.2150 0.1578 1.36
2.00 100.0  6.2   3.0 0.5270 0.2660 1.98
2.20 100.0  7.6   9.0 0.1590 0.0890 1.79
1.80 100.0  3.8   1.8 0.4690 0.4433 1.06
2.20  97.9  4.7   6.8 0.2140 0.1180 1.81
1.45  97.7  3.6   5.6 0.1290 0.1425 0.91
1.50  83.7  2.3  10.1 0.0870 0.0789 1.10
2.56  84.6  3.7   4.2 0.2930 0.1900 1.54
1.93  77.9  5.5   4.9 0.3340 0.1628 2.05
1.85  80.1  4.2   6.0 0.2410 0.1330 1.81
2.00  73.9  2.4   2.0 0.4320 0.3931 1.10
1.60  92.3  2.9   7.5 0.1370 0.1057 1.30
1.85  79.0  2.2   3.7 0.2220 0.2133 1.04
1.85  80.0  2.4   3.1 0.2590 0.2582 1.00
2.35  99.6  5.0   5.6 0.2630 0.1432 1.84
1.55  93.3  4.1   5.0 0.2820 0.1580 1.78
1.34  99.8 11.0   9.1 0.3030 0.0878 3.45
1.97  88.1  3.3   2.6 0.4240 0.3069 1.38
2.30  99.8  3.0   2.2 0.4420 0.3627 1.22
2.30  50.7  3.0   1.9 0.2830 0.4092 0.69
3.40  94.4  5.2   3.6 0.3410 0.2216 1.54
2.15  99.9  9.9   7.1 0.2530 0.1124 2.25
2.30  91.1  2.5   4.0 0.1500 0.1995 0.75
1.60  97.4  3.6   3.0 0.2100 0.2660 0.79
1.30  95.8  3.7   2.6 0.2090 0.3069 0.68
1.45  95.0  7.0   1.9 0.2830 0.4199 0.67
1.90 100.0  5.8   2.9 0.4090 0.2751 1.49
1.65 100.0  3.5   4.3 0.3080 0.1860 1.66
3.30  96.4  3.4   5.7 0.2750 0.1400 1.96
1.65 100.0  5.9   3.7 0.4160 0.2156 1.93
2.65 100.0 12.1   7.4 0.3630 0.1078 3.37
2.50  99.3 13.1   7.0 0.4200 0.1140 3.68
2.85 100.0  9.6   4.7 0.4440 0.1698 2.62
3.20 100.0 10.9   5.3 0.4430 0.1505 2.94
3.20  77.7  4.0   2.1 0.3250 0.3800 0.86
1.60  95.9  4.0   5.3 0.1840 0.1505 1.22
1.70 100.0 14.7   8.4 0.3780 0.0944 4.00
2.15  94.0  5.5   4.2 0.3080 0.1900 1.62
1.90 100.0  9.0   4.4 0.4110 0.1826 2.25
2.07  99.8 10.9   9.6 0.2290 0.0831 2.76
3.80  98.5  5.5   2.9 0.4700 0.2751 1.71
2.10  95.7  2.3   1.8 0.3940 0.4336 0.91
2.30 100.0  6.5   1.8 0.2800 0.4433 0.63
3.10 100.0  4.7   3.3 0.5070 0.2418 2.10
1.55  97.5  3.4   3.1 0.2920 0.2557 1.14
2.97  98.1  6.4   4.0 0.2940 0.1995 1.47
2.10  92.9  5.8   2.4 0.3100 0.3325 0.93
2.80  78.0  2.2   1.9 0.3550 0.4199 0.85
3.14 100.0 10.6   3.1 0.2470 0.2574 0.96
1.50 100.0  3.7   3.1 0.1330 0.2574 0.52
1.45  68.7  2.3   2.5 0.3760 0.3192 1.18
3.00  75.3  1.6   1.7 0.5000 0.4694 1.07
2.00  52.2  2.7   3.0 0.3800 0.2660 1.43
2.10 100.0  5.6   1.7 0.0120 0.4694 0.03
2.80  97.4  3.4   9.5 0.1220 0.0840 1.45
2.30 100.0 10.4   2.9 0.9730 0.2723 3.57
1.90  97.8  7.0   3.7 0.5150 0.2168 2.38
2.10  94.5  6.7   2.6 0.6960 0.3069 2.27
1.52  91.0  3.6   2.2 0.5220 0.3627 1.44
1.90 100.0  5.4   1.7 0.0960 0.4694 0.20
1.60  98.4  9.0  26.0 0.0470 0.0307 1.53
1.70  99.7  8.8  14.7 0.0720 0.0543 1.33
1.75 100.0 13.0  10.0 0.2840 0.0798 3.56
1.80  70.2  3.3   4.0 0.2050 0.1995 1.03
1.67  98.3  2.7   3.8 0.1760 0.2100 0.84
1.53  99.6  3.3   4.2 0.2959 0.1900 1.56
2.50  83.8  2.4   1.8 0.2580 0.4534 0.57
2.30  87.4  3.2   2.6 0.3680 0.3069 1.20
2.40  58.8  4.2   8.2 0.4820 0.0973 4.95
1.90  99.9  3.7   1.2 0.5260 0.6649 0.79
1.68  99.5  5.4   1.6 0.4520 0.4987 0.91
1.57  72.2  1.9   3.0 0.2250 0.2660 0.85
1.56  86.9  3.1   2.1 0.3410 0.3800 0.90
1.90  97.8  4.5   2.1 0.3900 0.3711 1.05
1.55  62.2  2.9   0.2 0.1950 4.8358 0.04
1.55  98.6 14.2   8.5 0.3670 0.0941 3.90
1.56  93.4  3.2   3.1 0.2390 0.2574 0.93
1.55  90.8  3.0   2.5 0.2830 0.3192 0.89
1.60  90.0  3.3   2.1 0.8210 0.3711 2.21
2.59  79.7  8.6   2.2 0.7980 0.3627 2.20
2.00 100.0  6.4  10.1 0.4000 0.0788 5.08
2.00  59.8  9.3   4.2 0.3860 0.1918 2.01
2.10  98.2  3.3   1.8 0.2160 0.4559 0.47
1.65  82.1  2.7   2.5 0.3080 0.3192 0.97
2.00  97.7  3.8   5.4 0.2400 0.1478 1.62
3.00 100.0  3.8   1.2 0.0100 0.6383 0.02
1.70  73.4  4.8   4.4 0.2320 0.1825 1.27
2.03  93.0  2.8   2.8 0.3430 0.2819 1.22
2.05  55.2  1.6   1.6 0.4110 0.4987 0.82
1.97   0.9  3.7   3.5 0.2750 0.2280 1.21
1.60   0.8  3.1   2.4 0.3430 0.3325 1.03
2.29  99.6  4.1   3.3 0.4440 0.2418 1.84
2.16   0.9  2.7   3.2 0.2580 0.2493 1.03
1.90  96.2  2.5   2.4 0.2810 0.3367 0.83
2.10  98.7 15.7   4.3 0.4760 0.1856 2.57
2.10  99.1  3.4   2.6 0.3420 0.3057 1.12
2.00  97.1  6.0   2.8 0.5470 0.2850 1.92
2.50  96.7  2.8   2.1 0.6140 0.3764 1.63
1.75 100.0  6.2   3.3 0.5900 0.2418 2.44
1.90  85.5  3.8   1.8 0.7370 0.4559 1.62
2.46  88.4  4.6   1.0 0.7520 0.7979 0.94
2.70  91.1  3.9   2.3 0.4290 0.3469 1.24
2.45  98.0  6.8   2.1 0.7740 0.3800 2.04
2.60  82.1  6.3   2.2 0.7160 0.3546 2.02
1.68  83.7  7.9   3.3 0.5900 0.2418 2.44
2.08  44.8  6.1   6.4 0.2600 0.1251 2.08
1.95  88.9  3.0   1.7 0.4330 0.4694 0.92
1.60  87.8  3.2  17.2 0.1680 0.0464 3.62
1.70  67.2  2.2   3.9 0.2170 0.2046 1.06
1.65  85.6  3.0  18.0 0.1820 0.0443 4.11
1.74  99.7  4.9   3.4 0.4410 0.2361 1.87
2.67  95.1  1.8   1.7 0.3200 0.4694 0.68
2.50 100.0 19.0   5.7 0.4800 0.1400 3.43
3.00 100.0  8.9   3.2 0.7500 0.2493 3.01
1.41  32.3  1.6   2.5 0.2760 0.3192 0.86
2.32  98.6  6.0   3.8 0.1980 0.2100 0.94
2.25 100.0  3.8   2.3 0.3000 0.3469 0.86
1.05  74.3  4.8   3.0 0.4010 0.2660 1.51
1.90  99.9  6.1   1.4 0.5490 0.5699 0.96
1.75  96.4  3.5   5.7 0.2130 0.1400 1.52
2.80  85.8  4.5   2.3 0.3270 0.3469 0.94
2.00  85.6  2.9   4.7 0.2380 0.1683 1.41
2.12  97.3  6.3   2.2 0.7290 0.3594 2.03
1.90  76.6  1.8   9.2 0.0740 0.0867 0.85
2.00  97.4  9.1   0.5 0.0107 1.5958 0.01
2.70 100.0  3.5   1.2 0.5950 0.6649 0.89
2.30  72.8  1.8   6.7 0.1400 0.1191 1.18
1.72  99.6 10.8   3.0 0.2430 0.2660 0.91
2.18  84.8  2.5   1.9 0.4010 0.4199 0.95
1.55  95.4  7.9   8.6 0.1480 0.0928 1.60
2.50  93.0  4.0   4.5 0.3900 0.1773 2.20
1.50  45.0  2.0   5.4 0.1430 0.1478 0.97
1.60  92.5  2.2   2.2 0.1650 0.3627 0.45
2.80  76.7  2.8   2.1 0.4490 0.3800 1.18
1.60  56.0  2.6   2.5 0.2820 0.3192 0.88
1.30 100.0  9.3   3.9 0.5050 0.2046 2.47
2.80  93.9  4.1  12.6 0.0710 0.0631 1.12
1.85  95.7  6.2   7.4 0.1870 0.1078 1.73
2.00  87.7  7.7   2.2 0.3440 0.3627 0.95
2.20  98.5  4.6   4.1 0.5320 0.1946 2.73
1.70  97.7  7.5   2.3 0.3800 0.3469 1.10
2.10  87.2  3.7   4.8 0.2850 0.1662 1.71
1.70 100.0  3.3   4.7 0.2000 0.1698 1.18
1.70 100.0  2.7   3.1 0.2800 0.2591 1.08
2.20  93.8  3.0   2.4 0.4100 0.3381 1.21
2.15  95.7  3.8   3.2 0.3300 0.2525 1.31
1.70  99.8  3.5   4.5 0.2400 0.1754 1.37
2.12  99.4  3.8   6.7 0.2000 0.1198 1.67
1.55  93.7  3.3   2.2 0.4500 0.3594 1.25
2.50  99.8  4.4   2.6 0.6550 0.3069 2.13
2.70  51.4  3.0   2.4 0.3150 0.3325 0.95
2.00  99.2  6.4   2.2 0.6600 0.3627 1.82
2.30  99.9 14.4   8.2 0.3250 0.0977 3.33
2.69  96.1  5.7   5.7 0.2100 0.1402 1.50
1.90  98.3  5.3   3.9 0.5110 0.2025 2.52
2.30  93.6  4.1   3.6 0.3640 0.2210 1.65
2.00  85.8  3.2   0.7 0.7850 1.1399 0.69
1.50  75.2  2.5   2.9 0.3060 0.2751 1.11
2.40  90.1  2.6   1.8 0.5620 0.4433 1.27
2.00  99.9  5.7   6.4 0.1390 0.1241 1.12
2.20  99.5  3.8   1.2 0.5820 0.6649 0.88
1.86  17.3  1.4   1.7 0.2600 0.4807 0.54
3.25  89.3  3.5   3.3 0.4110 0.2418 1.70
1.55  45.9  2.0   2.0 0.3750 0.3990 0.94
2.15  99.7  6.6   4.5 0.4660 0.1785 2.61
1.94  96.3 11.7   6.7 0.4220 0.1187 3.55
2.09  96.5  2.9   2.6 0.4410 0.3108 1.42
2.80  91.4  9.9   2.5 0.6820 0.3141 2.17
1.57  88.4  8.2   4.5 0.3320 0.1773 1.87
2.06  99.8 14.5   8.5 0.3820 0.0938 4.07
1.55  99.5  6.4   5.0 0.3770 0.1596 2.36
1.95 100.0  9.0   6.6 0.3310 0.1209 2.74
1.90  84.3  4.3   1.9 0.4960 0.4199 1.18
2.00  99.0  5.2   2.4 0.6260 0.3381 1.85
2.50  98.9  3.1   2.5 0.5380 0.3243 1.66
2.00  73.1  4.9   1.5 0.4890 0.5284 0.93
1.46  90.1  3.5   2.0 0.5710 0.4010 1.42
1.46 100.0 13.2   3.5 0.8840 0.2280 3.88
2.52  99.0  4.3   3.1 0.5020 0.2574 1.95
1.80  96.1 18.9   5.0 0.5160 0.1596 3.23
2.10  71.8  4.2   2.2 0.3520 0.3627 0.97
1.90  99.0  4.9   2.3 0.5600 0.3469 1.61
1.63  31.0  2.9   1.6 0.5070 0.4865 1.04
1.80  87.6  3.1   5.4 0.2080 0.1478 1.41
2.10  49.4  3.1   1.2 0.5180 0.6878 0.75
2.00  93.4  5.3   8.5 0.3210 0.0939 3.42
1.76  96.3  6.3   9.6 0.1840 0.0834 2.21
2.60  93.2  2.0   3.3 0.3179 0.2440 1.30
1.30  94.4  4.8   2.0 0.5360 0.3990 1.34
1.20  17.6  2.0   5.7 0.1460 0.1400 1.04
2.20 100.0  8.8   3.4 0.5300 0.2347 2.26
2.20  99.1  8.7   3.0 0.6600 0.2660 2.48
3.30 100.0 12.5   3.2 0.6600 0.2493 2.65
1.80  99.9  9.5   1.8 0.4900 0.4433 1.11
1.60  92.2  5.4   3.9 0.4590 0.2046 2.24
1.60  96.1  4.7   3.0 0.3960 0.2660 1.49
1.80  86.4  5.9   2.4 0.3370 0.3325 1.01
2.45  47.8  0.6   3.1 0.3084 0.2608 1.18
1.70  82.4  4.2   1.6 0.5560 0.5050 1.10
1.58 100.0  6.4   4.6 0.4370 0.1735 2.52
2.70  91.2  5.4   2.2 0.5830 0.3627 1.61
2.20  98.3  3.9   4.8 0.3040 0.1662 1.83
2.10  80.3  3.8   5.9 0.2210 0.1348 1.64
1.80  97.8  5.2   2.1 0.6360 0.3711 1.71
2.10  70.6  3.5  15.4 0.0850 0.0517 1.64
2.30  85.3  3.2  10.9 0.1080 0.0733 1.47
2.50 100.0  3.7   2.5 0.4500 0.3192 1.41
2.20  92.0 10.8   7.0 0.1840 0.1140 1.61
2.00  97.0  2.3   2.3 0.3570 0.3439 1.04
1.85  81.2  4.4   2.2 0.5360 0.3627 1.48
2.00  97.0  3.8   1.8 0.4180 0.4433 0.94
1.90  99.1  4.6   4.0 0.2340 0.2005 1.17
1.70  97.2  9.8   3.5 0.5060 0.2304 2.20
2.00 100.0 10.0   4.2 0.4700 0.1900 2.47
1.90 100.0  4.2   5.0 0.2940 0.1596 1.84
1.70  80.3  4.7   1.6 0.6120 0.4987 1.23
2.90  72.7  4.7   2.0 0.4280 0.3990 1.07
2.60  97.5  3.4   3.0 0.3640 0.2660 1.37
2.50  99.8  8.5  13.5 0.1150 0.0592 1.94
2.50  87.0  6.1   1.6 0.5330 0.5050 1.06
1.07  85.7  2.6   2.3 0.4770 0.3410 1.40
1.79  89.4  6.5   2.1 0.0115 0.3746 0.03
2.20  92.0 10.2   3.5 0.7550 0.2248 3.36
2.30 100.0  6.6   4.6 0.4580 0.1735 2.64
2.50 100.0 19.3   7.3 0.4310 0.1086 3.97
2.30  94.7 10.6  43.2 0.5310 0.0185 28.75
2.40  92.8  9.2   5.1 0.4580 0.1565 2.93
2.90 100.0 13.8   2.2 0.4600 0.3627 1.27
2.30 100.0  5.5   4.0 0.3970 0.1995 1.99
1.81  93.3  6.9   0.6 0.0115 1.3298 0.01
2.00  91.7  2.9   3.4 0.4130 0.2361 1.75
1.60  76.3  5.0  10.8 0.1840 0.0739 2.49
1.88  53.4  4.8   2.3 0.3520 0.3410 1.03
2.20  90.8  2.3   2.0 0.3400 0.3990 0.85
2.95  65.7  2.4   2.9 0.2380 0.2751 0.87
2.10  43.5  1.3   3.2 0.1550 0.2493 0.62
1.40  93.8  2.8   2.4 0.3640 0.3353 1.09
1.56  86.7  2.3   3.8 0.1860 0.2100 0.89
1.58  90.9  4.1   4.4 0.2470 0.1813 1.36
1.58  97.5  5.4   3.3 0.3630 0.2418 1.50
1.80  35.6  3.8   1.3 0.5050 0.6138 0.82
2.60  93.1  3.8   1.5 0.4930 0.5319 0.93
2.80  78.6  3.5   2.9 0.4530 0.2751 1.65
2.25  99.0  4.6   3.5 0.2770 0.2254 1.23
1.85  46.4  8.0   1.8 0.4730 0.4408 1.07
2.35  98.5 17.7   5.4 0.6700 0.1478 4.53
3.30  60.7  2.2   0.7 0.8800 1.1564 0.76
2.10  96.7  7.5   3.8 0.4240 0.2100 2.02
