2.30  89.9  5.0  20.3 0.0400 0.0393 1.02
2.26  80.6  3.8   3.0 0.2750 0.2705 1.02
2.29  95.0  4.8   2.1 0.0460 0.3764 0.12
1.70  79.2  2.3   3.5 0.2380 0.2280 1.04
1.80 100.0 13.1   7.8 0.3790 0.1023 3.70
1.60  93.8  1.9   2.3 0.3480 0.3469 1.00
1.50  85.5  5.6   1.5 0.7600 0.5319 1.43
2.17  92.2  3.0  10.6 0.1220 0.0753 1.62
1.20  90.1  2.6   4.1 0.2420 0.1946 1.24
2.10  94.0  6.0   3.0 0.3000 0.2660 1.13
2.40  80.4  2.9   1.9 0.3100 0.4199 0.74
3.00  98.1  3.6   1.0 0.5900 0.7979 0.74
2.60  88.7  3.7   0.9 0.5660 0.8866 0.64
2.70  96.3  3.4   1.4 0.4740 0.5699 0.83
2.80  99.2  5.1   1.9 0.5230 0.4199 1.25
2.20  88.8  1.2   4.6 0.2330 0.1735 1.34
3.00  98.1  5.2   4.1 0.2470 0.1946 1.27
3.00 100.0  7.5   7.7 0.2570 0.1042 2.47
1.60  95.7  4.0  21.0 0.0600 0.0380 1.58
1.70  88.3  2.7   4.7 0.2000 0.1698 1.18
1.80  98.1  2.8   3.8 0.2560 0.2100 1.22
2.10  98.6  8.0  10.1 0.1270 0.0790 1.61
2.30  96.3  5.6   5.0 0.1700 0.1596 1.07
2.10  99.8  8.0  10.1 0.3340 0.0790 4.23
2.25  98.9  7.5  10.0 0.2810 0.0798 3.52
2.10 100.0  8.0   3.0 0.3200 0.2660 1.20
1.90  92.5  4.1   1.7 0.2460 0.4694 0.52
2.40  99.8  6.0   2.7 0.2790 0.2955 0.94
1.25  66.0  5.2   0.6 0.6770 1.2869 0.53
1.53  56.6  3.9   3.1 0.2972 0.2549 1.17
2.20 100.0 12.5   2.8 0.2560 0.2850 0.90
2.25  99.4  4.6   2.5 0.5930 0.3192 1.86
2.30 100.0  4.2   2.0 0.3460 0.3990 0.87
1.90  73.5  1.7   4.8 0.1530 0.1662 0.92
2.00  98.0  3.0   6.0 0.1400 0.1330 1.05
2.50  97.6  6.0   4.5 0.3680 0.1773 2.08
2.10  99.9  6.8   3.6 0.5470 0.2241 2.44
2.20  94.7  4.0   6.0 0.3280 0.1330 2.47
2.20  64.4  2.3   6.2 0.0900 0.1287 0.70
2.70 100.0  7.2   3.3 0.4860 0.2440 1.99
1.80  92.4  2.2   2.6 0.2300 0.3069 0.75
2.16 100.0  9.1   4.9 0.5080 0.1615 3.15
1.65  99.9  3.5   3.8 0.3550 0.2089 1.70
2.20  91.8  2.8   3.6 0.2560 0.2216 1.16
1.80  98.3  6.3   3.6 0.3730 0.2216 1.68
3.50  52.6  1.6   1.4 0.4360 0.5782 0.75
2.60  91.4  5.1   3.8 0.3940 0.2100 1.88
1.70  71.2  3.5   2.2 0.5040 0.3627 1.39
3.10  59.1  1.5   4.2 0.2840 0.1900 1.49
2.20  98.1  2.4   3.7 0.2880 0.2156 1.34
0.98  83.4  2.9   2.3 0.4730 0.3469 1.36
0.95  84.0  2.6   2.7 0.4400 0.2955 1.49
1.40  73.5  1.6   3.2 0.1710 0.2523 0.68
1.70  46.9  1.5   3.3 0.2270 0.2389 0.95
1.68   5.0  1.0   2.1 0.3430 0.3800 0.90
1.69   9.9  1.0   2.4 0.2570 0.3325 0.77
1.80  99.1  6.4   4.1 0.4530 0.1930 2.35
1.45  80.5  4.7   4.0 0.3080 0.1995 1.54
2.50  83.6  4.9   1.7 0.3710 0.4694 0.79
1.88  85.9  3.6   3.0 0.5730 0.2660 2.15
1.53  73.8  3.8   5.8 0.1460 0.1369 1.07
3.25 100.0  8.3   3.3 0.6910 0.2418 2.86
2.30  99.0  8.8   4.5 0.4620 0.1773 2.61
2.20  95.2  7.8   3.9 0.4000 0.2072 1.93
1.80  76.8  5.6   1.7 0.6800 0.4666 1.46
2.30  93.9  4.1   3.2 0.1810 0.2493 0.73
2.30  99.8  4.0   4.0 0.3360 0.1995 1.68
1.75  98.5  3.1   6.1 0.1770 0.1304 1.36
1.70 100.0  9.1   8.6 0.2460 0.0929 2.65
1.85 100.0  6.3   5.6 0.3650 0.1434 2.54
1.25  74.5  4.1   4.2 0.3560 0.1910 1.86
1.85  99.9  6.6   4.8 0.4110 0.1664 2.47
2.20 100.0  8.7   6.4 0.3770 0.1248 3.02
2.19  90.2  3.2   2.1 0.0560 0.3800 0.15
1.77  99.9  3.8   2.5 0.0691 0.3192 0.22
2.30  99.7  6.2   1.7 0.1180 0.4694 0.25
1.80  99.6  3.7   2.0 0.3610 0.3990 0.90
1.61  99.8 14.1   8.1 0.3140 0.0985 3.19
2.30  99.6  6.2   2.0 0.4360 0.3990 1.09
1.60  43.4  2.5   1.9 0.3220 0.4199 0.77
2.99  70.2  3.6   4.6 0.2300 0.1735 1.33
1.80  97.1 12.1   6.4 0.4050 0.1247 3.25
1.80  99.7  3.7   3.5 0.3750 0.2267 1.65
2.01  85.3  4.5   6.9 0.2200 0.1156 1.90
4.20  90.2  2.3   2.0 0.4820 0.3990 1.21
1.95  99.9  2.9   3.6 0.2750 0.2216 1.24
1.10  73.0  2.3   5.5 0.1650 0.1451 1.14
2.80  93.6  2.9   2.3 0.5000 0.3469 1.44
2.50  65.6  7.1   2.7 0.5670 0.2988 1.90
2.20  93.1  2.4   3.9 0.2200 0.2046 1.08
2.20  99.6 10.2   7.2 0.4140 0.1108 3.74
2.10  89.7  6.6   2.3 0.3280 0.3469 0.95
2.30  49.7  3.2   2.8 0.3060 0.2850 1.07
2.07  95.6  3.0   2.0 0.4360 0.3990 1.09
1.13  70.8  6.5  15.6 0.0910 0.0511 1.78
2.27  98.9  3.5   5.1 0.1920 0.1565 1.23
1.80 100.0  3.7   3.9 0.3580 0.2067 1.73
2.00  94.5 10.3   3.7 0.5100 0.2156 2.36
2.65  88.4  2.9   1.4 0.3700 0.5699 0.65
2.65 100.0 10.5  19.9 0.1630 0.0401 4.07
1.58  69.2  3.1   3.9 0.2343 0.2056 1.14
1.64  54.1  6.8   1.3 0.6117 0.6109 1.00
2.80  80.8  2.0   2.3 0.3070 0.3469 0.88
1.15  82.9  4.3   4.3 0.2450 0.1856 1.32
1.65  60.8  3.4   2.1 0.4770 0.3800 1.26
2.30  77.6  2.6   5.5 0.2000 0.1451 1.38
1.85  89.4  2.9   2.1 0.3600 0.3800 0.95
2.85  97.3  3.3   3.6 0.3620 0.2216 1.63
1.75  92.4  5.8   6.5 0.2500 0.1228 2.04
1.80  99.9  7.5   5.1 0.4180 0.1565 2.67
2.10  97.4  4.1   3.2 0.3450 0.2493 1.38
1.30  88.7 12.0   5.1 0.0510 0.1565 0.33
1.47 100.0 20.1   4.9 0.7300 0.1642 4.45
2.87  90.0  4.0   1.9 0.3860 0.4199 0.92
1.90  91.3  3.0   2.2 0.2560 0.3627 0.71
1.78  99.6  4.9   1.1 0.3980 0.7254 0.55
2.90 100.0  3.8   2.8 0.5280 0.2850 1.85
2.60  70.5  2.5   1.5 0.6200 0.5319 1.17
1.71  99.6  6.7  21.6 0.0920 0.0369 2.49
2.40  99.5  4.0   2.4 0.5390 0.3325 1.62
3.20  95.3  4.8   3.0 0.3200 0.2660 1.20
1.90  82.8  3.3   5.1 0.2120 0.1565 1.36
1.07  73.7  5.4   6.6 0.2870 0.1202 2.39
2.40  97.3  4.7   2.4 0.3490 0.3325 1.05
2.30  94.6  1.9  17.7 0.3250 0.0451 7.21
1.30  82.1  3.1   2.7 0.2010 0.2955 0.68
1.70  94.6  4.7   1.6 0.7350 0.5148 1.43
3.50  99.2  3.7   2.0 0.3430 0.3990 0.86
2.00  98.2  3.6   2.9 0.4440 0.2751 1.61
2.17  86.9  1.4   3.5 0.1470 0.2280 0.64
2.30  91.3  3.5   2.3 0.4020 0.3469 1.16
2.95 100.0  6.7   3.2 0.6180 0.2493 2.48
1.95  71.7  2.1   2.1 0.4000 0.3800 1.05
2.00  86.3  3.2   3.5 0.3100 0.2280 1.36
1.50  64.4  2.8   2.0 0.3870 0.4030 0.96
2.80  98.6  2.3   2.8 0.3400 0.2850 1.19
3.00  99.9  5.8   1.4 0.4600 0.5699 0.81
1.50  90.5  4.2   7.7 0.1740 0.1036 1.68
2.80  67.4  1.6   1.5 0.5850 0.5319 1.10
2.53  83.0  4.0   2.7 0.3680 0.2955 1.25
1.45  99.9  3.7   1.6 0.2700 0.4987 0.54
2.30  99.8  3.3   2.9 0.2560 0.2751 0.93
2.18  99.4  4.7   4.6 0.1820 0.1735 1.05
2.30  91.2  2.4   3.7 0.2120 0.2156 0.98
2.10  69.7  2.4   2.3 0.2500 0.3469 0.72
2.60  61.0  2.1   2.2 0.3200 0.3627 0.88
2.31  80.6  1.6   6.1 0.1180 0.1308 0.90
2.20  85.2  3.1   2.8 0.3510 0.2850 1.23
1.30 100.0  8.2   7.3 0.3190 0.1093 2.92
1.90  54.1  2.3   3.0 0.3558 0.2623 1.36
2.50  97.0  3.5   6.2 0.2000 0.1291 1.55
2.25  96.4  4.2   1.8 0.3640 0.4433 0.82
2.20  95.7  4.1   1.8 0.3870 0.4433 0.87
2.00  99.4  5.3   3.0 0.3870 0.2660 1.46
1.87  99.2  5.2   3.3 0.3770 0.2418 1.56
2.45 100.0  7.0   3.4 0.4130 0.2347 1.76
2.25  99.8  4.0   1.9 0.4890 0.4199 1.16
1.80  99.7  4.9   5.7 0.3250 0.1400 2.32
3.20  97.0  3.0   2.6 0.4150 0.3069 1.35
1.35  98.5  8.3   3.4 0.4850 0.2347 2.07
2.20  99.8  6.0   3.5 0.2000 0.2280 0.88
1.39  89.5  3.8   4.4 0.0580 0.1813 0.32
1.55  60.5  3.7   1.6 0.5123 0.5111 1.00
1.79  89.1 21.4   2.9 0.5260 0.2718 1.94
1.55  35.6  5.3   2.0 0.4454 0.4010 1.11
1.53  42.3  5.2   1.5 0.5964 0.5218 1.14
3.20  96.1  4.3   2.3 0.4840 0.3469 1.40
2.59  89.8  2.6  12.2 0.3270 0.0654 5.00
2.60  99.5  9.7   9.0 0.2120 0.0887 2.39
3.00 100.0  9.0   3.9 0.5070 0.2046 2.48
3.20  99.8  7.1   8.8 0.1200 0.0907 1.32
2.30  95.1  1.8   1.5 0.4860 0.5319 0.91
2.90  98.1  4.8   3.4 0.4190 0.2347 1.79
1.55  98.4  6.1   2.5 0.2510 0.3192 0.79
2.05 100.0 11.1   5.8 0.4530 0.1376 3.29
2.00  61.6  1.4   6.7 0.1250 0.1191 1.05
1.85  98.7  3.0   2.9 0.4620 0.2751 1.68
1.76  98.6  3.2   2.8 0.4250 0.2850 1.49
2.40  80.8  2.5   5.5 0.3300 0.1451 2.27
1.55  92.8  2.4   2.0 0.2670 0.3990 0.67
2.50  76.0  1.6   2.6 0.3010 0.3069 0.98
3.20  81.4  1.3   2.1 0.3710 0.3800 0.98
1.75  98.7  7.3   3.1 0.4980 0.2574 1.93
2.20  90.1  1.6   1.6 0.2690 0.4987 0.54
2.30  77.5  1.4   2.8 0.2640 0.2850 0.93
2.40  99.7  5.0   2.2 0.3150 0.3627 0.87
1.20  99.0  5.4   4.0 0.4080 0.1975 2.07
2.90  82.7  3.9   1.2 0.4340 0.6649 0.65
2.30  99.5  1.9   2.4 0.2050 0.3325 0.62
1.80  92.9  3.8   7.0 0.2320 0.1140 2.04
2.00  97.3  3.2   7.7 0.1160 0.1036 1.12
2.80  98.3  5.1   6.0 0.1900 0.1330 1.43
2.70 100.0 11.1   7.9 0.3520 0.1010 3.49
2.20  98.4  3.6   3.3 0.0340 0.2418 0.14
2.76  82.4  5.3   7.0 0.1170 0.1140 1.03
1.50  77.4  3.8   2.1 0.2740 0.3764 0.73
2.20  70.9  3.0   3.0 0.2520 0.2660 0.95
1.50  92.0  3.6   3.8 0.2500 0.2100 1.19
2.38  91.6  5.0   2.3 0.5800 0.3424 1.69
1.46  98.9  3.0   3.5 0.2200 0.2280 0.97
1.90  93.0  3.5   2.6 0.4050 0.3124 1.30
2.90  99.8  4.8   3.9 0.3450 0.2067 1.67
2.60  99.4  3.2   5.6 0.2310 0.1425 1.62
0.83  98.8  2.8   3.0 0.4070 0.2660 1.53
2.20 100.0  5.7   2.5 0.2940 0.3192 0.92
2.40  69.0  2.2   2.9 0.2960 0.2751 1.08
2.70  49.5  1.5   1.0 0.3150 0.7979 0.39
1.90 100.0  6.0   1.3 0.5530 0.6138 0.90
2.70  61.8  1.4   0.9 0.3350 0.8673 0.39
2.07 100.0 100.0   5.8 0.3610 0.1376 2.62
2.15 100.0  6.2   3.9 0.4430 0.2046 2.17
1.80 100.0 10.1   8.7 0.3550 0.0917 3.87
2.30  99.9  4.4   3.0 0.2320 0.2660 0.87
2.00 100.0  6.1   5.6 0.3400 0.1425 2.39
1.06  91.4  3.2   4.0 0.3040 0.1995 1.52
2.85 100.0  5.4   2.7 0.4810 0.2955 1.63
1.56  94.0  2.5   2.0 0.4510 0.3990 1.13
1.36  96.3  1.3   7.7 0.0700 0.1036 0.68
1.30  98.2  7.2   3.1 0.6830 0.2533 2.70
1.05  99.4  2.1   2.2 0.2590 0.3627 0.71
1.01  89.2  3.5   5.2 0.2390 0.1534 1.56
1.07  96.8  5.2   9.1 0.2010 0.0877 2.29
1.15  98.6  2.5   6.0 0.1340 0.1330 1.01
1.01  88.6  3.5   6.2 0.1750 0.1287 1.36
0.99  99.4  3.3   7.7 0.1570 0.1036 1.52
1.00  99.1  3.1   3.5 0.1240 0.2280 0.54
1.75  89.8  2.3   2.3 0.3260 0.3469 0.94
1.91  98.5  2.9   2.5 0.4840 0.3141 1.54
2.35  92.5  2.4   2.4 0.2480 0.3325 0.75
2.05  96.1  3.3   3.8 0.2290 0.2089 1.10
1.55  89.2  2.9   2.0 0.4800 0.3990 1.20
1.50  91.6  7.8   3.0 0.3700 0.2660 1.39
2.50  86.1  2.2   5.1 0.3570 0.1565 2.28
1.70  97.2  4.2   5.4 0.3330 0.1478 2.25
1.50  94.3  3.0   3.3 0.4370 0.2418 1.81
2.50  99.9  5.0   1.0 0.5710 0.7979 0.72
1.54  89.3  1.2   1.5 0.4750 0.5319 0.89
1.90 100.0  3.7   4.9 0.2410 0.1628 1.48
2.70  99.6  3.6   2.2 0.4810 0.3627 1.33
2.15  96.1  3.0   2.4 0.5580 0.3325 1.68
1.95 100.0  4.9   8.2 0.2530 0.0973 2.60
1.90  77.0  4.0   2.1 0.4370 0.3764 1.16
1.75  99.2 13.8   2.6 0.5720 0.3069 1.86
2.10  90.5  2.1   2.2 0.2960 0.3694 0.80
2.70  99.8  7.5   6.3 0.3860 0.1267 3.05
1.60 100.0 13.1   5.9 0.5000 0.1352 3.70
1.97  96.5  2.2   2.5 0.3050 0.3257 0.94
2.00  96.1  2.5   2.1 0.3850 0.3873 0.99
2.41  95.7  2.9   2.9 0.0850 0.2751 0.31
2.20 100.0  3.6   4.4 0.2810 0.1805 1.56
2.35 100.0  6.0   1.8 0.4300 0.4433 0.97
2.50  92.3  3.2   3.4 0.3640 0.2347 1.55
2.90 100.0 10.6   2.4 0.3070 0.3325 0.92
2.75  71.8  2.2   1.7 0.5120 0.4694 1.09
1.70  99.9  5.9   1.4 0.8440 0.5619 1.50
1.84  97.9  3.7   2.8 0.3360 0.2840 1.18
1.00  97.7  4.5  10.2 0.1650 0.0782 2.11
1.10  90.2  5.2   8.7 0.1800 0.0917 1.96
1.50  92.9  4.1   7.3 0.2140 0.1099 1.95
1.80  94.5  2.0   4.0 0.1610 0.1995 0.81
1.83  53.0  1.4   2.4 0.2930 0.3325 0.88
2.30  95.3  3.2   2.2 0.3210 0.3627 0.89
2.20  93.8  3.5   2.4 0.4260 0.3338 1.28
2.70  99.8  2.2   1.8 0.3480 0.4465 0.78
2.10  83.0  2.3   3.3 0.2030 0.2418 0.84
2.48  35.7  4.5   3.4 0.2840 0.2347 1.21
2.20  77.0  3.0   5.0 0.2000 0.1596 1.25
1.65  97.2  3.1   2.0 0.5280 0.4050 1.30
1.60 100.0  7.1   2.4 0.3150 0.3325 0.95
1.90 100.0  3.0   4.7 0.3020 0.1698 1.78
2.30  99.6  4.3   3.6 0.3370 0.2216 1.52
1.80  80.0  1.4   5.4 0.1700 0.1478 1.15
1.00  73.7  3.4   1.9 0.3580 0.4313 0.83
3.19 100.0  4.8   6.0 0.2500 0.1330 1.88
2.00 100.0 12.0  10.0 0.2870 0.0798 3.60
1.60  67.3  1.5   1.8 0.3330 0.4534 0.73
2.60 100.0  6.7   4.6 0.3320 0.1735 1.91
1.95  65.0  2.4   2.1 0.3850 0.3729 1.03
1.90  56.2  2.8   9.1 0.0720 0.0877 0.82
2.00  63.2  1.9   2.4 0.2410 0.3325 0.72
1.70  99.9 11.2   2.6 0.2960 0.3069 0.96
2.30  93.6  3.7   1.8 0.5380 0.4433 1.21
1.40 16108.0  2.3   4.6 0.1650 0.1723 0.96
2.50  86.1  3.9   4.4 0.1580 0.1813 0.87
3.00  90.6  3.4   2.0 0.4510 0.3990 1.13
1.90  72.0  1.7   2.8 0.2580 0.2850 0.91
2.70  99.3  5.4   4.0 0.3050 0.1995 1.53
1.90  91.0  2.1   2.8 0.5360 0.2850 1.88
2.00  67.5  2.5   1.6 0.4700 0.4987 0.94
2.60 100.0  6.6   2.8 0.7500 0.2850 2.63
2.90  99.8  5.7   2.1 0.8000 0.3800 2.11
2.40  99.9  5.0   3.5 0.3780 0.2280 1.66
2.50 100.0  5.5   2.0 0.4970 0.3990 1.25
1.90  99.0  3.7   2.5 0.5440 0.3192 1.70
2.30  95.8  2.2   1.8 0.5330 0.4433 1.20
2.30  93.0  4.0   2.4 0.5500 0.3325 1.65
1.45  98.1  4.5   2.3 0.2460 0.3469 0.71
2.90  96.5  5.0   4.0 0.5400 0.1995 2.71
2.05  94.3  5.8   2.1 0.4320 0.3855 1.12
2.50  99.9  5.2   2.4 0.0099 0.3325 0.03
1.53  84.6  2.7   2.2 0.2400 0.3627 0.66
2.15 100.0  5.5   8.8 0.2870 0.0907 3.17
2.01  96.9 17.4  64.0 0.1280 0.0125 10.27
1.80  96.9  2.9   4.7 0.1750 0.1698 1.03
1.85 100.0 18.0  14.2 0.2670 0.0562 4.75
1.94  98.7  4.4   5.4 0.4500 0.1478 3.05
2.70  80.6  3.2   3.9 0.3100 0.2062 1.50
1.70  97.7  4.5   2.3 0.4970 0.3469 1.43
2.79  84.5  7.3  21.6 0.1270 0.0369 3.44
2.50  88.0 11.6   2.4 0.6800 0.3270 2.08
1.50  93.3  4.3   8.7 0.1750 0.0917 1.91
1.85  93.8  4.7   6.0 0.2830 0.1330 2.13
1.85  79.3  2.1   2.0 0.3730 0.3990 0.93
1.40 100.0  4.7   2.0 0.3550 0.3990 0.89
2.00  97.5  5.5   4.3 0.3810 0.1834 2.08
2.80 100.0  3.9   3.4 0.3140 0.2347 1.34
1.70  86.9  4.0   9.7 0.1710 0.0820 2.09
3.00  99.8  4.6   3.6 0.4600 0.2216 2.08
3.50  99.4  4.8   4.0 0.4200 0.1995 2.11
3.23  90.0  2.0   2.1 0.7800 0.3800 2.05
2.15  83.3  3.8   1.6 0.4680 0.4987 0.94
1.80  97.7  7.7   8.7 0.0830 0.0917 0.91
1.75  64.4  3.1   9.2 0.0960 0.0867 1.11
1.10  36.7  3.0   2.6 0.1990 0.3069 0.65
1.75  81.9  2.5   2.2 0.2210 0.3627 0.61
1.80  98.9  2.6   2.2 0.2990 0.3627 0.82
1.75  81.7  2.2   2.0 0.3490 0.3990 0.87
1.70  98.8  2.3   2.1 0.2550 0.3800 0.67
2.00  63.5  4.1   1.7 0.5240 0.4749 1.10
2.60 100.0  6.5   4.0 0.3840 0.1995 1.93
1.85  99.1  2.5   3.5 0.2970 0.2280 1.30
1.45  89.6  1.9   2.6 0.2970 0.3069 0.97
1.60  99.7  8.6   4.2 0.5200 0.1900 2.74
2.90  95.9  4.2   4.5 0.2920 0.1773 1.65
2.58  78.8  3.2   6.0 0.2530 0.1341 1.89
2.19  53.4  1.9   4.1 0.2190 0.1941 1.13
2.34  86.6  6.3   8.5 0.2620 0.0937 2.80
2.29  64.0  6.8   5.7 0.2540 0.1397 1.82
2.00 100.0  5.7   5.4 0.1680 0.1478 1.14
1.60  99.7  4.3   2.7 0.5000 0.2955 1.69
1.90  99.9  6.0   5.3 0.1590 0.1505 1.06
2.00  99.9  3.8   2.8 0.5580 0.2850 1.96
1.80  99.5  3.4   2.7 0.4560 0.2955 1.54
2.70  97.3  3.6   4.2 0.3740 0.1900 1.97
1.77  98.0  2.5   1.5 0.4590 0.5284 0.87
2.30  79.4  4.4   3.4 0.2860 0.2347 1.22
2.15 100.0  4.7   1.6 0.7510 0.4895 1.53
2.50  99.8  3.4   2.3 0.5610 0.3469 1.62
1.63  76.4  2.9   1.6 0.5900 0.4836 1.22
1.60  93.9  3.5   1.5 0.7580 0.5215 1.45
1.30  99.2  6.5   1.4 0.8030 0.5699 1.41
2.20  99.8  3.8   2.8 0.2250 0.2850 0.79
2.15  99.9  9.2   2.1 0.0100 0.3800 0.03
1.93  28.6  2.0   2.0 0.2380 0.3990 0.60
1.87 100.0 10.8   2.2 0.0100 0.3627 0.03
2.21  89.1  1.9   4.0 0.3770 0.1995 1.89
1.80  79.1  3.3   4.5 0.1380 0.1773 0.78
2.10  98.2 11.9   5.6 0.3830 0.1425 2.69
2.40   9.9  2.3   2.9 0.3550 0.2714 1.31
2.65 100.0  7.0   1.1 0.4466 0.7254 0.62
1.80  84.6  3.5  12.1 0.0680 0.0659 1.03
2.57  91.7  6.1   3.4 0.1980 0.2347 0.84
1.80 100.0  3.6   3.1 0.2340 0.2574 0.91
2.20  98.6  5.4   3.0 0.3900 0.2660 1.47
2.50  99.8  5.7   1.9 0.3870 0.4199 0.92
1.77  71.2  4.3   4.0 0.2800 0.2020 1.39
2.00  43.6  4.3   2.2 0.3200 0.3627 0.88
2.50  99.0  7.0   4.4 0.0550 0.1813 0.30
2.30  99.0  5.0   5.5 0.3420 0.1451 2.36
1.65  44.2  3.6   2.8 0.3240 0.2901 1.12
2.80  32.0  1.5   1.3 0.4100 0.6138 0.67
2.25  91.2  1.7   2.0 0.3070 0.3990 0.77
2.90  91.6  1.7   2.0 0.2990 0.3990 0.75
1.90  94.7 10.7  38.0 0.0470 0.0210 2.24
1.96  90.7  6.9   7.0 0.1000 0.1145 0.87
2.59  95.6  4.9   3.2 0.4090 0.2493 1.64
1.80  81.7  2.0   2.1 0.3990 0.3800 1.05
1.61  95.1  3.8   3.3 0.4140 0.2440 1.70
2.20  99.9  7.5  20.0 0.8150 0.0399 20.43
1.90  83.8  2.0   2.5 0.1550 0.3192 0.49
2.50 100.0  7.0   2.7 0.7950 0.2955 2.69
1.80  92.1  3.2   4.6 0.3120 0.1735 1.80
2.60 100.0  7.0   3.3 0.2240 0.2418 0.93
2.35  87.2  2.2   1.2 0.6000 0.6649 0.90
2.20  96.1  3.2   1.4 0.5150 0.5699 0.90
2.00  92.0  2.7   1.9 0.3400 0.4199 0.81
1.70 100.0  6.2   1.4 0.5820 0.5580 1.04
3.03  97.7  5.4   3.2 0.4090 0.2493 1.64
2.30  99.9  6.2   3.9 0.4210 0.2056 2.05
1.90  89.2  6.0   6.5 0.2090 0.1228 1.70
2.00  91.0  6.7   4.2 0.3520 0.1900 1.85
2.10  92.0  5.4   2.8 0.4850 0.2850 1.70
2.00  91.0  4.4   2.1 0.4690 0.3800 1.23
2.05  91.0  5.4   2.9 0.4050 0.2751 1.47
1.65  94.6  5.7   9.3 0.2110 0.0853 2.47
2.00 100.0  3.8   7.8 0.1710 0.1023 1.67
2.30  99.2  3.1   3.7 0.2580 0.2156 1.20
2.50 100.0  5.0   2.6 0.3860 0.3069 1.26
2.22  94.3  5.6   2.5 0.3030 0.3192 0.95
2.00  92.1  3.0   1.5 0.5300 0.5428 0.98
2.10  72.4  3.6   1.6 0.3850 0.5082 0.76
2.20  75.5  2.6   1.9 0.4940 0.4092 1.21
2.00 100.0  4.9  16.0 0.1040 0.0499 2.09
2.00  96.2  3.2   3.4 0.4000 0.2347 1.70
2.30  93.3  2.9   5.1 0.2240 0.1565 1.43
1.90  95.6 29.6   7.0 0.5850 0.1140 5.13
2.50  96.5  3.4  12.7 0.0830 0.0628 1.32
2.10  98.7  2.9   2.1 0.4080 0.3873 1.05
2.48  86.0  4.6   8.4 0.2530 0.0950 2.66
2.10  96.7  6.4   2.6 0.5080 0.3069 1.66
2.00  97.5  9.1   3.2 0.5830 0.2493 2.34
2.60  74.6  1.9   1.2 0.4510 0.6649 0.68
2.85  94.9  2.8   0.9 0.5290 0.8866 0.60
2.81  84.7  2.0   1.4 0.4740 0.5910 0.80
2.90  92.3  2.9   2.5 0.3800 0.3257 1.17
2.80  83.3  2.2   1.6 0.4080 0.4987 0.82
2.80  66.2  1.7   1.4 0.3780 0.5541 0.68
3.10  93.1  3.6   2.3 0.5220 0.3469 1.50
2.40  90.7  5.0   2.5 0.3090 0.3192 0.97
2.80 100.0  5.5   3.0 0.3580 0.2669 1.34
2.20  91.0  5.0   1.5 0.6070 0.5319 1.14
2.70  99.9 10.7   3.5 0.5060 0.2299 2.20
1.55  98.2  3.4   3.1 0.3390 0.2574 1.32
2.80  98.2  4.6   5.1 0.1820 0.1565 1.16
2.20  80.0  5.3   2.6 0.5000 0.3069 1.63
1.70 100.0  5.6   4.7 0.3850 0.1698 2.27
1.45  95.8  3.6   1.9 0.6300 0.4281 1.47
1.25  99.3  3.5   2.0 0.6020 0.3990 1.51
1.80  85.3  2.0   3.2 0.1890 0.2493 0.76
2.30  99.7  4.2   2.4 0.5380 0.3325 1.62
2.25  99.9  5.5   2.5 0.6310 0.3192 1.98
1.55  98.9  3.6   9.2 0.1260 0.0867 1.45
2.20  72.9  3.0   6.3 0.1720 0.1267 1.36
2.40  99.7  3.8   7.5 0.0890 0.1064 0.84
2.00  91.7  2.9   2.0 0.3380 0.3990 0.85
2.30  99.1  6.7  14.4 0.1360 0.0554 2.45
1.90  82.1  2.9   6.5 0.1610 0.1228 1.31
1.90  97.6  3.0   3.7 0.2360 0.2156 1.09
1.85  99.9  4.1   3.3 0.3050 0.2418 1.26
2.50  98.3  1.7   3.1 0.2680 0.2549 1.05
1.50  80.7  2.7   3.8 0.2520 0.2100 1.20
2.40  99.8  3.9   3.0 0.4630 0.2660 1.74
3.00  99.5  4.0   7.2 0.2020 0.1105 1.83
2.00  96.5  8.0   7.0 0.2670 0.1140 2.34
2.70  95.0  2.9   5.5 0.1240 0.1451 0.85
1.63  90.5  6.2  14.3 0.1810 0.0558 3.24
2.00  98.1  3.7   9.1 0.1170 0.0874 1.34
2.30  96.1  4.4   2.3 0.5040 0.3469 1.45
1.99  95.7  6.8  12.1 0.1250 0.0659 1.90
2.00  99.9  5.6   4.8 0.0960 0.1659 0.58
2.10  97.8  4.1   9.2 0.1740 0.0870 2.00
2.75  94.4  1.8   2.1 0.3130 0.3800 0.82
1.30  95.6  6.0   5.4 0.3610 0.1478 2.44
1.90  99.5  6.0   5.5 0.3320 0.1451 2.29
2.03  97.1  7.0   9.7 0.1760 0.0823 2.14
2.03   0.8  4.0   5.4 0.2830 0.1475 1.92
1.20  87.8  2.0   2.3 0.4530 0.3469 1.31
1.80  88.4  1.9   2.8 0.4470 0.2850 1.57
2.90  99.7  3.7   1.4 0.4510 0.5699 0.79
2.10  96.4  4.3   4.2 0.1530 0.1877 0.81
2.10 100.0  3.1   2.6 0.2500 0.3069 0.81
2.27  96.4  5.8   4.0 0.1680 0.1995 0.84
1.80  62.8  2.1   2.8 0.3440 0.2850 1.21
1.93  92.8  3.5   4.1 0.3490 0.1960 1.78
1.85  97.5  5.5   6.0 0.1130 0.1330 0.85
2.80 100.0 15.0   9.8 0.3140 0.0814 3.86
1.80  99.6  4.2   2.1 0.3070 0.3800 0.81
3.40  64.7  8.0   1.9 0.2490 0.4199 0.59
2.80  62.9  1.7   1.1 0.3360 0.7188 0.47
1.95  86.3  4.6  11.4 0.3370 0.0697 4.84
2.38  67.5 10.0   4.0 0.4500 0.1995 2.26
2.55  89.5  3.5   1.3 0.3600 0.6045 0.60
1.95  98.2  7.2   3.5 0.4780 0.2267 2.11
2.37  77.3  3.4   2.1 0.3900 0.3800 1.03
1.20  75.6  3.7   1.7 0.4580 0.4694 0.98
1.50  95.4  1.9   2.1 0.4370 0.3711 1.18
2.10  68.1  1.1   1.1 0.4300 0.7320 0.59
1.70  99.4  3.2  19.2 0.0360 0.0416 0.87
2.00  99.6  6.1   2.2 0.5930 0.3627 1.64
2.20 100.0  6.0   4.9 0.3350 0.1628 2.06
1.80  95.9  5.4   3.7 0.3470 0.2156 1.61
2.40  99.8  4.7   2.3 0.3240 0.3469 0.93
2.00  75.1  2.3   4.4 0.1860 0.1822 1.02
2.60  95.8  3.6   4.1 0.2620 0.1946 1.35
1.80  98.2  3.6   3.7 0.3440 0.2156 1.60
1.80  97.0  2.6   2.7 0.4000 0.2933 1.36
2.00  95.0  5.5   6.5 0.2700 0.1228 2.20
1.71  88.2  7.2   2.1 0.6640 0.3800 1.75
1.70  81.4  2.8   2.0 0.3940 0.3990 0.99
1.70  90.7  7.0   6.6 0.2830 0.1202 2.36
2.50 100.0  3.5   5.0 0.3180 0.1596 1.99
2.20  96.3  4.3   2.2 0.0410 0.3627 0.11
2.30  93.5  5.1   4.5 0.3280 0.1773 1.85
2.10  94.3  5.1   2.0 0.2500 0.3990 0.63
2.00  68.2  4.0   3.4 0.3240 0.2347 1.38
2.00  75.6  3.6   2.9 0.2870 0.2751 1.04
2.50  81.7  7.7   3.7 0.2970 0.2156 1.38
2.75  99.9 12.0   7.5 0.3240 0.1064 3.05
2.15  94.4  4.2   4.2 0.5770 0.1900 3.04
1.83  68.9  4.8   3.9 0.2730 0.2046 1.33
2.13  93.7  4.0   3.3 0.3650 0.2418 1.51
2.10  49.7  2.2   2.2 0.2690 0.3627 0.74
2.00 100.0  7.3   8.3 0.3140 0.0961 3.27
1.95  98.1  3.5   1.9 0.4150 0.4199 0.99
2.50  52.4  1.8   2.6 0.2070 0.3069 0.67
2.35  74.5  4.0   2.0 0.3720 0.3990 0.93
2.70 100.0  6.0   3.0 0.5980 0.2660 2.25
2.10  53.1  1.5   4.3 0.1970 0.1856 1.06
1.60  99.4  4.8   1.9 0.4530 0.4199 1.08
2.00  99.9  5.3   1.9 0.4000 0.4199 0.95
2.80  99.8  7.0   3.0 0.6810 0.2660 2.56
2.90  98.2  6.0   2.0 0.5780 0.3990 1.45
2.90 100.0  6.0   2.7 0.6150 0.2955 2.08
3.10  99.7  6.0   2.7 0.5580 0.2955 1.89
1.80  90.1  3.4   3.3 0.3470 0.2418 1.44
2.90  93.9  6.0   3.0 0.6020 0.2660 2.26
1.60  93.5  4.9   3.9 0.2600 0.2046 1.27
2.60  69.3  4.6   4.1 0.2890 0.1946 1.49
2.00  50.0  5.1   4.8 0.2910 0.1662 1.75
1.84  95.0  5.0   2.3 0.4790 0.3469 1.38
2.10  85.2  4.2   2.8 0.4720 0.2850 1.66
2.90  75.0  3.3   4.2 0.2890 0.1900 1.52
2.70  99.8  4.8   4.5 0.2950 0.1773 1.66
1.85  98.8  2.6   2.5 0.2100 0.3192 0.66
2.90  97.0  3.2   4.5 0.2810 0.1765 1.59
1.16  61.8  5.1   3.3 0.3470 0.2418 1.44
1.45  94.3  2.5   1.6 0.4620 0.4987 0.93
2.10  98.1  5.4   9.9 0.1760 0.0806 2.18
2.20  61.4  2.2   2.3 0.3710 0.3469 1.07
2.60  99.1  3.5   2.4 0.4230 0.3325 1.27
2.80  82.9 83.2   2.5 0.4000 0.3192 1.25
1.97  99.0 10.6   9.2 0.3600 0.0867 4.15
1.99  91.8  4.2   2.1 0.5200 0.3800 1.37
2.35  94.9  2.0   4.0 0.2100 0.2000 1.05
2.10  99.9  6.8   2.9 0.5120 0.2751 1.86
4.30  98.1  2.5   1.8 0.4490 0.4433 1.01
3.60  68.8  1.7   1.6 0.2910 0.4987 0.58
1.40  94.3  3.4   5.5 0.1290 0.1451 0.89
1.55  95.2  3.8   1.6 0.6160 0.4987 1.24
1.35  99.9  5.4   3.4 0.3580 0.2347 1.53
1.72  99.5  4.7   2.9 0.3730 0.2751 1.36
1.95  99.6  4.6   2.1 0.3580 0.3800 0.94
1.49  79.9  5.8   5.3 0.2550 0.1505 1.69
1.08  78.5  1.7   1.5 0.5190 0.5284 0.98
2.35  67.0  4.9   2.7 0.2270 0.2955 0.77
1.60  96.4  5.9   1.5 0.4220 0.5319 0.79
1.60  79.9  2.8   3.1 0.3690 0.2574 1.43
1.70  81.8  3.0   1.9 0.2710 0.4199 0.65
2.91  83.2  3.1   1.9 0.3700 0.4199 0.88
1.50  97.3  7.5   5.7 0.3710 0.1390 2.67
1.90  99.7  6.0   3.0 0.2730 0.2660 1.03
1.45  78.0  2.2   6.8 0.1130 0.1173 0.96
2.30  93.6  2.5   3.0 0.2270 0.2678 0.85
1.90  97.7  5.2   2.3 0.5840 0.3469 1.68
2.40  93.5  1.8   4.0 0.1510 0.1995 0.76
2.60  98.5  6.0   6.0 0.4880 0.1330 3.67
2.01  99.9  6.6   2.7 0.4580 0.2955 1.55
1.70  98.5  3.7   1.0 0.3300 0.7979 0.41
1.96  70.4  1.1   3.4 0.0125 0.2347 0.05
2.56  96.0  2.8   1.1 0.3910 0.7381 0.53
1.90  36.0  1.7   1.6 0.2900 0.4987 0.58
2.40  97.8  6.0   2.4 0.5630 0.3367 1.67
2.00  74.3  2.5   2.3 0.3170 0.3469 0.91
2.00  87.1  2.4   1.7 0.4700 0.4694 1.00
2.00  89.4  2.4   1.6 0.4350 0.4987 0.87
2.10  93.1 31.1   3.9 0.3430 0.2046 1.68
2.00  93.2  2.6   5.1 0.3950 0.1565 2.52
1.88  74.6  1.8   1.8 0.2610 0.4433 0.59
1.80  92.1  2.9  15.3 0.1190 0.0522 2.28
1.80  68.8  5.0   3.3 0.0500 0.2418 0.21
1.60  93.8  3.5   3.7 0.3250 0.2156 1.51
1.90  96.5  5.0   4.8 0.2850 0.1662 1.71
2.95  96.7  3.3   1.8 0.5050 0.4408 1.15
1.70  91.1 15.3   9.8 0.2680 0.0814 3.29
1.35  99.3  3.7   3.1 0.4150 0.2574 1.61
1.88  95.7  4.9   5.4 0.2840 0.1478 1.92
2.50  90.9  3.5   3.0 0.2820 0.2660 1.06
2.10  99.1  6.7   2.1 0.3550 0.3800 0.93
1.69  88.5  2.3   2.3 0.6070 0.3469 1.75
2.65  97.9 10.7   4.9 0.5260 0.1618 3.25
2.10  72.9  2.0   1.3 0.5480 0.6138 0.89
0.96  47.3  1.9   4.5 0.1600 0.1773 0.90
1.90 100.0  5.7  23.3 0.0670 0.0342 1.96
2.50  71.9  1.6   4.5 0.1350 0.1773 0.76
2.60 100.0  3.4   4.3 0.2570 0.1856 1.39
2.00  98.6  5.9   3.6 0.3430 0.2235 1.53
2.19  94.1  3.8   4.1 0.3020 0.1946 1.55
2.00  99.0  5.7   5.0 0.3600 0.1589 2.26
2.00  99.7  3.6   2.3 0.3160 0.3469 0.91
2.60  97.6  9.9   2.8 0.8060 0.2850 2.83
2.45  91.4 10.8   3.0 0.5830 0.2660 2.19
2.90  97.0  4.0   2.4 0.4330 0.3325 1.30
2.40  93.5 10.5   2.3 0.3860 0.3469 1.11
2.35  93.2  2.9   1.7 0.4880 0.4694 1.04
2.10  98.3  3.4   2.6 0.3730 0.3069 1.22
1.70  93.2  3.0   3.3 0.2900 0.2418 1.20
2.20  99.0  3.1   2.9 0.2570 0.2751 0.93
2.00  79.5  2.0   4.1 0.1740 0.1946 0.89
1.56  10.7  1.7   3.5 0.1540 0.2280 0.68
2.80  97.8  3.6   3.7 0.3190 0.2156 1.48
1.77  97.5  2.5   3.0 0.3120 0.2660 1.17
1.80  96.8  3.0   3.7 0.2400 0.2156 1.11
2.60  99.0  3.0   3.1 0.2940 0.2574 1.14
2.00  94.6  2.2   2.2 0.5530 0.3627 1.52
2.00 100.0  9.5   2.5 0.2980 0.3192 0.93
2.30  91.4  2.6  10.5 0.0580 0.0760 0.76
1.80 100.0  5.5   5.0 0.4420 0.1596 2.77
2.30  93.0  3.8   4.3 0.2750 0.1856 1.48
2.40 100.0  6.7   3.2 0.4610 0.2493 1.85
2.15  99.7 43.8   7.4 0.6900 0.1078 6.40
3.40  83.9  1.8   2.8 0.3180 0.2860 1.11
2.60  90.9  3.0   4.7 0.2400 0.1698 1.41
2.81  98.3 11.3   3.4 0.3240 0.2347 1.38
1.85   0.8  2.0   5.0 0.1350 0.1596 0.85
2.20  93.6  1.8   4.4 0.1290 0.1813 0.71
2.40  88.6  4.8   5.9 0.2640 0.1352 1.95
1.54  99.9  3.5   3.9 0.2570 0.2046 1.26
1.90  85.2  1.9   4.9 0.1200 0.1628 0.74
1.90  87.7  3.4   5.0 0.2930 0.1596 1.84
2.60 100.0  5.1   3.8 0.3360 0.2100 1.60
1.88  96.6  3.2   6.4 0.0642 0.1243 0.52
2.65  96.0  3.1   2.1 0.5370 0.3800 1.41
1.80 100.0 12.0   7.8 0.3750 0.1023 3.67
1.40  57.7  6.7   2.9 0.4330 0.2714 1.60
1.75  99.1  6.0   2.7 0.7070 0.2923 2.42
2.26  94.6  6.6   2.1 0.6400 0.3800 1.68
1.85  88.3  3.0   2.8 0.0485 0.2850 0.17
3.00  89.0  2.9   1.7 0.5170 0.4694 1.10
2.20 100.0  5.2   3.2 0.5630 0.2517 2.24
1.60  67.4  4.5   6.7 0.1920 0.1191 1.61
2.15 100.0  5.9   3.5 0.6440 0.2280 2.82
1.60  96.4  2.1   4.1 0.1640 0.1946 0.84
2.40 100.0 11.9   5.2 0.5310 0.1534 3.46
1.76  87.2  3.6   2.5 0.5950 0.3192 1.86
2.10  96.0  4.5  10.0 0.2150 0.0798 2.69
2.90  99.1  3.2   2.5 0.3700 0.3192 1.16
2.20  92.3  9.1  16.6 0.1824 0.0481 3.79
2.31  99.1 10.6   6.6 0.3990 0.1209 3.30
2.10  94.6  7.8   5.6 0.4060 0.1425 2.85
3.02  70.1  1.7   1.6 0.4660 0.4987 0.93
1.55  81.7  3.1   3.6 0.2670 0.2235 1.19
2.70  75.9  4.6   4.5 0.3500 0.1773 1.97
2.80 100.0  4.5   3.0 0.3500 0.2660 1.32
2.00  57.0  1.4   3.8 0.1610 0.2100 0.77
2.30  95.0  5.3   3.2 0.2150 0.2493 0.86
1.60 100.0  7.8   1.9 0.3900 0.4177 0.93
1.45  99.9  6.7   1.8 0.4000 0.4483 0.89
1.80  96.5  2.8   2.3 0.3230 0.3469 0.93
1.78  74.6  4.5   2.4 0.3170 0.3325 0.95
1.50  74.5  3.0   4.3 0.2080 0.1856 1.12
2.80  99.7  4.4   3.7 0.2890 0.2156 1.34
2.50  98.0  5.3   2.8 0.6750 0.2850 2.37
1.70  93.4  5.5   2.6 0.6270 0.3069 2.04
2.50  92.0  2.0   2.0 0.3000 0.3990 0.75
2.80  90.3  3.5   2.0 0.5180 0.3990 1.30
2.75  98.4  3.1   4.1 0.3590 0.1946 1.84
2.45 100.0  2.0   2.0 0.3820 0.3990 0.96
2.45  95.4  3.2   1.8 0.4320 0.4433 0.97
2.40  98.7  1.9   2.6 0.3600 0.3069 1.17
2.00  90.4  2.0   4.2 0.2200 0.1891 1.16
1.94  99.3  7.0   7.3 0.4770 0.1093 4.36
2.05  78.0  1.5   2.0 0.3500 0.3990 0.88
1.95  98.6  4.0   4.3 0.3000 0.1856 1.62
2.90  85.0  4.0   2.1 0.3070 0.3800 0.81
2.20  38.0  1.9   1.7 0.5890 0.4694 1.25
1.08  82.0  1.8   2.5 0.2600 0.3192 0.81
2.67  77.6  3.0   5.4 0.1720 0.1478 1.16
2.79  85.8  3.6   3.2 0.4200 0.2493 1.68
2.95  98.0  2.6   2.1 0.3510 0.3800 0.92
2.55 100.0  7.7   1.5 0.5000 0.5319 0.94
3.50  99.9  4.0   4.6 0.2900 0.1735 1.67
1.14  90.0  3.0   2.0 0.5100 0.3990 1.28
1.76  94.0  3.1   5.1 0.2300 0.1565 1.47
1.20  92.4  3.5   5.5 0.1710 0.1451 1.18
2.02  98.7  4.4   3.1 0.4610 0.2533 1.82
2.15 100.0  5.9   2.8 0.4550 0.2829 1.61
1.95 100.0  6.2   6.0 0.3390 0.1323 2.56
1.95 100.0  7.1   4.5 0.4150 0.1781 2.33
1.95  99.2  4.4   3.0 0.3710 0.2705 1.37
1.95 100.0  7.5   2.6 0.8960 0.3069 2.92
1.40 100.0  4.8   3.4 0.3250 0.2347 1.38
2.20  45.0  1.3   1.8 0.3600 0.4433 0.81
2.10  99.0  4.2   1.3 0.9320 0.6138 1.52
1.50  97.0  3.2  12.0 0.0940 0.0665 1.41
2.40  99.4  2.0   2.0 0.1590 0.3990 0.40
1.50  66.6  2.2   2.2 0.2500 0.3610 0.69
1.75 100.0  3.6   2.4 0.2800 0.3338 0.84
2.00  96.9  3.3   2.5 0.2500 0.3257 0.77
1.60  99.7  5.0   3.0 0.4000 0.2660 1.50
1.90  82.4  3.0   2.2 0.4000 0.3627 1.10
2.30  91.0 15.0   4.0 0.3800 0.1995 1.91
1.83  65.8  2.3   4.3 0.2200 0.1856 1.19
2.55  95.0  7.0   4.0 0.3800 0.1995 1.91
2.40 100.0 14.0  14.0 0.2230 0.0570 3.91
2.30 100.0 15.0   6.0 0.3700 0.1330 2.78
1.55  97.0  2.6   4.0 0.2460 0.1995 1.23
2.20  98.0 13.0   7.0 0.4030 0.1140 3.54
2.25  94.0 13.0   5.0 0.3700 0.1596 2.32
2.35  66.0  8.0   2.0 0.4300 0.3990 1.08
1.78  96.0  2.6   4.0 0.2620 0.1995 1.31
1.60  99.9  3.4   9.1 0.0940 0.0877 1.07
1.40  97.7  3.2   3.2 0.1890 0.2493 0.76
1.65  99.9  3.9   2.2 0.3400 0.3627 0.94
1.80 100.0  7.8   5.6 0.3360 0.1425 2.36
1.70  99.9  6.9   4.6 0.3780 0.1735 2.18
1.89 100.0  8.0   5.2 0.3540 0.1534 2.31
1.69 100.0  8.0   5.0 0.3450 0.1596 2.16
1.90  95.9  4.0   1.5 0.3030 0.5319 0.57
1.90  95.9  4.0   1.0 0.3030 0.7979 0.38
2.00  78.7  4.4  12.6 0.0930 0.0633 1.47
2.00  89.7  4.5   3.4 0.1060 0.2347 0.45
2.00  43.9  3.7   3.1 0.3320 0.2574 1.29
2.20  82.2  1.3   2.7 0.2910 0.2955 0.98
2.00  72.1  2.1   1.0 0.3520 0.7979 0.44
2.00  92.9  3.3   1.0 0.3960 0.7979 0.50
1.95  67.2  1.3   1.7 0.3330 0.4694 0.71
2.20  91.7  3.3   1.9 0.3110 0.4199 0.74
2.20  89.9  2.1   3.0 0.2070 0.2660 0.78
2.60  97.2  8.8   2.8 0.2000 0.2850 0.70
2.60  88.4  1.4   2.0 0.2910 0.3990 0.73
1.42  82.2  1.0   1.5 0.5170 0.5319 0.97
2.45  97.6  4.2   1.9 0.2970 0.4199 0.71
3.31  94.8  3.5   3.0 0.3980 0.2660 1.50
1.90 100.0  3.1   1.9 0.4300 0.4199 1.02
2.21 100.0  9.1   1.5 0.4500 0.5319 0.85
2.50  95.0  4.5   4.0 0.3170 0.1995 1.59
2.80  98.0  2.5   3.0 0.2880 0.2660 1.08
2.50  86.0  3.0   4.0 0.3140 0.1995 1.57
2.00  99.9  3.3   4.2 0.4830 0.1900 2.54
2.60  89.0  1.9   3.0 0.2560 0.2660 0.96
2.00  83.9  2.8   1.7 0.2910 0.4694 0.62
1.47  97.4  3.6   3.0 0.2400 0.2660 0.90
1.47  98.4  3.8   3.4 0.2210 0.2347 0.94
1.60 100.0  4.4   3.0 0.2380 0.2660 0.89
1.90  99.0  4.4   2.3 0.3530 0.3469 1.02
2.00  84.5  2.7   2.3 0.4370 0.3410 1.28
1.10 100.0  3.9   2.9 0.3000 0.2751 1.09
1.70  95.1  3.9   3.1 0.5540 0.2533 2.19
2.12  99.7  9.6   7.8 0.0960 0.1023 0.94
2.05  38.9  2.0   2.1 0.3290 0.3800 0.87
1.80  72.0  3.2   2.2 0.3860 0.3627 1.06
1.58  98.0  5.0  14.0 0.1390 0.0570 2.44
1.51  95.3  1.8   2.5 0.1700 0.3192 0.53
3.60  81.1  4.8   2.6 0.5380 0.3069 1.75
2.30  75.9  2.1   2.1 0.4390 0.3800 1.16
1.00  94.3  2.9   2.8 0.2300 0.2850 0.81
1.30  97.1  3.9   3.9 0.3500 0.2046 1.71
1.85  97.2  3.7   2.4 0.3200 0.3381 0.95
1.90  89.6  2.7   2.1 0.3390 0.3800 0.89
2.00  99.7  7.0   2.2 0.3280 0.3627 0.90
1.70  95.4  5.4   5.0 0.4090 0.1596 2.56
1.95  94.0  3.2   1.5 0.4560 0.5319 0.86
2.55  79.8  4.5   2.4 0.3030 0.3325 0.91
2.25  85.2  5.3   1.1 0.6100 0.7254 0.84
1.03  93.7  3.5   2.3 0.4150 0.3454 1.20
0.98  89.1  5.3   4.2 0.4060 0.1886 2.15
1.07  81.2  5.9   2.9 0.4660 0.2714 1.72
1.10  70.4  3.0   4.6 0.2170 0.1735 1.25
1.70  99.8  3.7   3.0 0.2500 0.2660 0.94
1.53  90.9  3.3   3.0 0.2390 0.2660 0.90
1.42  78.8  2.4   2.0 0.3260 0.3990 0.82
1.70  64.1  1.7   4.9 0.1360 0.1628 0.84
1.35  99.7  4.5   2.0 0.3440 0.3990 0.86
1.70  92.9  4.6   2.0 0.4730 0.3990 1.19
1.95 100.0  6.0   2.6 0.6060 0.3069 1.97
2.00  95.0  4.4   2.8 0.4100 0.2850 1.44
2.90  99.8  3.5   3.8 0.4510 0.2100 2.15
2.40  99.9  3.6   3.5 0.3440 0.2280 1.51
1.90 100.0  5.8   3.2 0.6350 0.2493 2.55
2.10  85.5  2.6   3.6 0.3130 0.2216 1.41
3.00  97.7  4.5   1.5 0.5100 0.5319 0.96
2.70  99.6  3.4   1.4 0.5400 0.5699 0.95
1.90  53.9  5.0   4.0 0.1680 0.1995 0.84
1.90  99.8 10.5   2.2 0.3300 0.3627 0.91
2.20  99.5  2.5   1.9 0.7700 0.4313 1.79
2.31  84.8  2.5   5.3 0.2330 0.1505 1.55
2.00  96.8  6.0   3.2 0.6800 0.2493 2.73
2.75  99.2  4.3   3.1 0.4600 0.2574 1.79
2.70  99.9  3.9   1.5 0.4900 0.5215 0.94
1.80  97.7  5.1   2.0 0.8350 0.3990 2.09
1.75  99.8  7.0   5.7 0.3450 0.1400 2.46
1.60 100.0  7.6   5.4 0.3990 0.1467 2.72
1.50  99.9  5.7   2.0 0.5430 0.3990 1.36
1.90  90.1 11.2   7.3 0.4980 0.1089 4.57
2.10  99.9  3.6   3.2 0.2200 0.2517 0.87
2.75  72.7  1.9   1.9 0.3190 0.4199 0.76
2.50  91.4  3.3   3.2 0.4180 0.2493 1.68
2.80  97.3  6.4   3.6 0.4300 0.2216 1.94
1.85 100.0  3.8   4.1 0.3430 0.1946 1.76
2.28  99.4  7.5   5.3 0.2440 0.1505 1.62
1.82 100.0  3.5   3.0 0.5000 0.2687 1.86
1.80  86.2  5.3   4.1 0.3240 0.1946 1.66
1.93 100.0  4.1   3.0 0.4860 0.2633 1.85
2.00  87.0  3.1   4.2 0.4460 0.1900 2.35
2.20  99.9  3.3   3.5 0.3220 0.2280 1.41
2.00 100.0  7.0   8.6 0.2420 0.0928 2.61
1.85  91.5  3.5   3.7 0.3380 0.2156 1.57
1.32 100.0  5.7   1.9 0.4530 0.4199 1.08
1.97  99.9  3.5   1.6 0.4940 0.4836 1.02
1.80  65.8  2.4   3.7 0.2470 0.2156 1.15
2.10  96.3  4.8   3.5 0.3790 0.2280 1.66
2.90  96.8  2.1   2.5 0.4060 0.3192 1.27
1.99  87.1  3.3   4.7 0.1770 0.1698 1.04
2.80 100.0 22.2   2.2 0.3410 0.3627 0.94
1.80  99.6  8.8  11.5 0.1240 0.0692 1.79
1.90 100.0  5.7   3.8 0.4890 0.2094 2.33
2.50  81.2  3.3   3.6 0.1890 0.2216 0.85
2.70  93.4  5.6   2.9 0.3240 0.2751 1.18
0.93  88.1  3.5   3.7 0.2820 0.2156 1.31
2.60  99.9 10.0   1.5 0.5020 0.5319 0.94
1.80  92.5  5.1   4.3 0.4200 0.1843 2.28
2.10 100.0 14.0   3.9 0.5230 0.2072 2.52
1.90  98.2  3.5   2.1 0.5010 0.3800 1.32
2.40  63.2  1.6   2.6 0.2070 0.3069 0.67
9.50  99.9  8.3   1.5 0.4990 0.5319 0.94
1.90  69.2  3.6   6.1 0.2120 0.1308 1.62
1.30 100.0  9.9   4.0 0.4780 0.1995 2.40
2.50  97.3  6.2   2.6 0.3250 0.3034 1.07
1.80 100.0  5.5   5.3 0.3050 0.1497 2.04
2.50 100.0  7.4   3.2 0.7310 0.2470 2.96
2.40  98.5  3.3   3.4 0.4230 0.2375 1.78
2.55  99.9 11.1   2.0 0.3650 0.3990 0.91
2.10  97.5  7.2   6.1 0.2120 0.1308 1.62
2.70 100.0  7.0   2.0 0.3770 0.3990 0.94
2.80 101.7  7.3   3.2 0.2390 0.2493 0.96
1.31  93.7  2.1   3.2 0.2900 0.2493 1.16
2.50  98.1  3.7   4.1 0.2730 0.1946 1.40
2.00  86.9  2.1   1.5 0.4750 0.5319 0.89
2.90  94.2  3.1   3.6 0.2400 0.2218 1.08
1.90  99.1  3.6   2.2 0.4540 0.3627 1.25
2.30  89.5  2.7   1.5 0.3490 0.5319 0.66
2.20  98.5  3.6   3.6 0.3570 0.2210 1.62
1.90  99.0  5.7   5.7 0.3220 0.1400 2.30
1.70  95.0  1.9   3.0 0.2400 0.2625 0.91
2.50  99.7  3.4   6.1 0.2190 0.1317 1.66
1.75 100.0  5.0   9.8 0.1340 0.0814 1.65
1.90 100.0  7.4   2.3 0.3210 0.3469 0.93
2.50  97.3  3.4   1.9 0.4930 0.4199 1.17
2.13  81.9  3.3   2.2 0.4170 0.3627 1.15
2.10 100.0  4.7   2.1 0.6400 0.3800 1.68
2.10  96.4  2.9   2.1 0.3950 0.3800 1.04
1.64  98.9  5.4   7.8 0.1910 0.1023 1.87
1.62  98.6  7.9   3.7 0.5620 0.2156 2.61
2.01  65.7  2.8   3.4 0.2770 0.2347 1.18
1.90  92.4  1.3   1.4 0.4850 0.5541 0.88
2.30  96.9  8.6   1.5 0.5100 0.5319 0.96
2.00  73.5  2.2   2.0 0.4410 0.3931 1.12
1.70 100.0  5.0   2.0 0.7220 0.3990 1.81
1.70  74.8  2.3   2.3 0.4330 0.3439 1.26
2.40 100.0  4.8   2.3 0.5370 0.3469 1.55
2.50  42.1  2.0   3.1 0.2640 0.2566 1.03
1.40  92.9  3.6   2.1 0.5100 0.3800 1.34
1.74  89.8  2.8   2.1 0.5940 0.3800 1.56
2.30  95.4  7.4   3.5 0.6810 0.2313 2.94
2.05  75.2  2.8   3.0 0.3340 0.2660 1.26
2.10  99.8  8.6   5.8 0.4790 0.1376 3.48
1.20  21.5  1.1   4.1 0.1400 0.1946 0.72
1.90 100.0  6.1   2.0 0.8410 0.3931 2.14
2.15  56.8  1.9   1.3 0.5540 0.6138 0.90
1.91  58.0  8.1   9.4 0.2090 0.0849 2.46
1.60  92.2 10.4   9.3 0.3020 0.0858 3.52
2.20 100.0  4.7   2.3 0.5880 0.3469 1.69
1.80  23.9  1.6   3.7 0.1160 0.2156 0.54
2.70  78.0  4.9   2.0 0.5480 0.3990 1.37
1.90  99.9  0.8  27.4 0.1220 0.0291 4.19
2.10  78.4  2.5   1.5 0.5210 0.5319 0.98
1.56  55.3  1.8   1.3 0.4800 0.6045 0.79
1.65  82.4  2.5   1.3 0.5760 0.6138 0.94
1.85  98.4  3.6   3.6 0.3430 0.2235 1.53
1.60  71.1  1.8   2.4 0.3030 0.3325 0.91
1.35  23.8  1.9   2.2 0.3800 0.3627 1.05
1.90  93.3  2.8   1.9 0.5330 0.4199 1.27
1.80  95.8  2.9   2.1 0.5070 0.3764 1.35
2.30  98.6  3.9   3.9 0.3440 0.2046 1.68
1.53  96.3  6.4   3.2 0.3220 0.2470 1.30
2.00  83.9  3.0   2.6 0.4160 0.3069 1.36
2.30  80.4  5.1   3.6 0.4060 0.2186 1.86
2.00  82.3  3.2   3.2 0.2290 0.2493 0.92
2.00 100.0  6.4   2.7 0.6780 0.2955 2.29
2.30  88.2  1.9   1.3 0.6320 0.6138 1.03
2.05 100.1  4.8   2.3 0.5720 0.3469 1.65
1.55  26.0  2.6   2.9 0.3250 0.2723 1.19
1.65  99.9  4.6   2.2 0.6650 0.3677 1.81
1.95  56.3  2.7   1.7 0.4580 0.4694 0.98
1.85  62.9  2.8   1.6 0.5230 0.4987 1.05
2.60  96.3  2.9   1.8 0.5510 0.4336 1.27
1.50  97.6  3.9   1.6 0.6800 0.4987 1.36
1.96  72.8  2.4   1.1 0.6720 0.7527 0.89
1.80  94.2  2.4   1.8 0.5780 0.4433 1.30
1.28  92.3  2.0   1.6 0.4360 0.4987 0.87
1.90  97.2  3.6   1.9 0.6840 0.4199 1.63
2.00 100.1  5.0   2.0 0.6120 0.3990 1.53
2.20  68.0  1.9   2.0 0.4680 0.3990 1.17
2.38  99.6  5.9   2.3 0.7000 0.3469 2.02
1.78  68.7  1.9   1.9 0.3380 0.4113 0.82
2.80  99.8  3.3   2.3 0.3620 0.3469 1.04
2.20  92.1  3.0   2.0 0.5140 0.3990 1.29
1.70  81.5  2.4   2.5 0.3890 0.3192 1.22
1.75  90.0  2.2   1.6 0.4510 0.4865 0.93
2.10  67.2  3.5   2.6 0.4330 0.3069 1.41
1.83  84.8  3.1   3.0 0.3890 0.2625 1.48
2.29  51.7  1.9   1.2 0.5130 0.6649 0.77
2.30  82.2  2.0   1.6 0.6810 0.4987 1.37
1.30  61.5  2.0   3.2 0.3390 0.2493 1.36
1.80  95.7  3.8   3.7 0.3290 0.2156 1.53
2.02  72.0  2.5   2.5 0.2600 0.3192 0.81
2.27  38.4  2.5   2.0 0.5070 0.3990 1.27
2.00  61.2  1.9   1.3 0.6820 0.6138 1.11
2.50  96.9  3.3   2.7 0.4020 0.2955 1.36
1.48  99.8 11.8   7.8 0.2770 0.1030 2.69
1.60  97.6  7.5   3.2 0.4270 0.2493 1.71
1.70  73.9  2.8   2.1 0.3910 0.3800 1.03
2.05  87.4  2.0   0.8 0.7010 0.9974 0.70
1.80  99.9  6.6   3.0 0.4100 0.2660 1.54
1.46  92.0  3.7   2.4 0.7420 0.3325 2.23
1.46  57.6  2.0   2.2 0.4350 0.3627 1.20
1.31  85.5  1.9   1.7 0.6540 0.4694 1.39
2.32 100.0  3.7   2.1 0.5500 0.3800 1.45
1.52 100.0  8.8   2.0 0.0117 0.3990 0.03
2.00  93.8  3.4   2.6 0.5220 0.3093 1.69
11.50  77.9  2.6   2.0 0.4620 0.3990 1.16
1.78  42.4  3.0   1.8 0.5020 0.4433 1.13
1.82  89.3  2.5   2.2 0.4180 0.3627 1.15
2.40 100.1  7.4   2.4 0.8300 0.3325 2.50
1.70  94.1  2.1   3.9 0.1770 0.2046 0.87
2.40 100.0  6.8   3.6 0.6160 0.2216 2.78
1.30 100.0 10.1   2.0 0.9740 0.3990 2.44
2.67  98.2  3.7   2.0 0.5230 0.4050 1.29
1.74  86.9  3.4   3.6 0.4280 0.2210 1.94
2.10 100.1  2.6   1.9 0.5330 0.4199 1.27
1.76  63.6  1.9   3.0 0.3120 0.2660 1.17
1.69  82.6  2.3   2.0 0.6170 0.3990 1.55
2.00  99.7  8.6   2.2 0.8090 0.3546 2.28
2.10  92.1  4.3   2.0 0.6600 0.3990 1.65
1.66  98.5  3.5   2.8 0.5530 0.2850 1.94
2.20  67.3  2.2   2.8 0.4000 0.2850 1.40
1.80  99.0  2.5   3.0 0.2560 0.2660 0.96
2.45  97.8  3.9   4.9 0.2930 0.1635 1.79
2.40  56.1  2.1   1.3 0.5810 0.6138 0.95
2.52 100.1  6.5   1.8 0.0104 0.4433 0.02
2.05  85.4  2.8   1.7 0.3650 0.4694 0.78
2.20  86.9  2.5   2.2 0.4130 0.3627 1.14
2.80  73.3  2.4   1.7 0.4630 0.4694 0.99
1.90  62.7  3.0   2.3 0.4670 0.3469 1.35
2.25  90.4  1.9   1.7 0.3980 0.4694 0.85
1.50 100.0  4.2   1.7 0.5900 0.4694 1.26
1.85  92.7  4.0   4.8 0.3800 0.1662 2.29
2.40  86.9  5.5   8.8 0.1700 0.0907 1.87
3.39  96.4  1.7   2.0 0.3200 0.3990 0.80
1.50  93.6  5.5   7.1 0.2100 0.1124 1.87
1.49  99.1  4.6   2.2 0.3320 0.3627 0.92
1.48  99.0  4.0   3.0 0.0470 0.2660 0.18
2.40  95.0  2.8   1.4 0.6690 0.5699 1.17
2.30  97.0  4.2   2.3 0.6900 0.3469 1.99
1.00  97.3  2.9   1.7 0.3900 0.4639 0.84
2.29  90.6  2.8   3.0 0.3110 0.2660 1.17
2.20  95.1  2.9   4.4 0.1850 0.1813 1.02
1.60  99.3  2.3   3.2 0.2160 0.2493 0.87
2.50  76.4  2.1   9.5 0.1280 0.0837 1.53
2.15 100.0  5.1   3.6 0.5220 0.2216 2.36
2.75 100.0  7.1   2.2 0.3350 0.3627 0.92
3.00  99.2  3.4   2.9 0.2690 0.2751 0.98
2.75 100.0  3.7   2.3 0.3160 0.3469 0.91
2.30  58.5  1.8   1.5 0.0350 0.5428 0.06
1.60  97.6  3.2   4.2 0.2000 0.1900 1.05
1.54  83.9  6.9   8.6 0.2300 0.0932 2.47
1.70 100.0  3.0   1.4 0.5100 0.5659 0.90
1.97 100.0  3.7   2.6 0.5120 0.3022 1.69
2.10  87.3  2.9   3.6 0.3780 0.2216 1.71
1.28  85.3  3.2   3.2 0.3250 0.2493 1.30
2.00  95.2  2.1   2.0 0.4900 0.3990 1.23
2.50  87.6  2.9   6.5 0.1460 0.1228 1.19
1.65  97.1  4.6   2.2 66.7000 0.3627 183.91
2.80  74.5  4.8   1.2 0.6260 0.6649 0.94
2.65  97.2  3.4   2.2 0.3280 0.3627 0.90
2.74  97.1  2.7   2.5 0.3080 0.3192 0.97
2.10  95.4  1.8   1.8 0.2600 0.4433 0.59
2.20  51.1  1.4   1.7 0.3540 0.4694 0.75
2.85  96.2  2.3   6.1 0.1890 0.1308 1.44
0.80  97.0  2.0   3.0 0.3700 0.2660 1.39
2.00  99.9  4.7   2.8 0.2060 0.2850 0.72
1.80  98.7  7.1   8.7 0.0840 0.0917 0.92
2.27  88.4  2.3   2.1 0.2300 0.3800 0.61
2.11  86.0  2.4   2.0 0.3200 0.3990 0.80
1.93  99.9  8.5   2.3 0.7190 0.3469 2.07
2.30  95.2  4.7   1.8 0.7250 0.4433 1.64
1.90 100.0  3.8   3.8 0.4500 0.2100 2.14
2.50  98.5  3.2   2.0 0.3200 0.3990 0.80
2.00  99.0  1.0   3.4 0.5100 0.2361 2.16
2.25  98.2  2.4   1.8 0.5600 0.4433 1.26
2.10  97.8  5.9   2.6 0.6500 0.3069 2.12
1.50  99.5  3.3   3.2 0.4400 0.2493 1.76
1.45 100.0  2.7   2.5 0.3700 0.3192 1.16
1.45  80.1  3.0   2.7 0.4000 0.2955 1.35
3.03  81.3  2.3   2.1 0.4000 0.3800 1.05
2.70  97.6  2.0   3.0 0.3410 0.2660 1.28
2.70  94.6  2.0   3.0 0.3880 0.2660 1.46
3.00  95.4  2.0   3.0 0.3200 0.2660 1.20
1.70  97.9  4.7   4.4 0.3400 0.1813 1.87
1.90  99.1  4.1   2.9 0.4000 0.2751 1.45
1.90  97.9  4.0   2.7 0.4600 0.2955 1.56
2.00  97.1  4.7   2.4 0.4000 0.3325 1.20
2.23  91.0  4.0   5.0 0.3000 0.1596 1.88
2.90  97.0  5.6   4.2 0.4600 0.1900 2.42
2.60  97.1  4.4   1.8 0.4200 0.4433 0.95
2.10  95.5  5.0   1.5 0.3500 0.5319 0.66
2.70  98.7  5.5   3.0 0.3600 0.2696 1.34
1.70  88.2  6.0   4.5 0.3920 0.1773 2.21
2.30  98.4  3.0   3.6 0.3100 0.2216 1.40
2.30  94.4  5.6   5.6 0.6200 0.1425 4.35
2.50  98.9  8.0   3.0 0.6000 0.2660 2.26
3.50  94.2  3.3   2.0 0.6910 0.3990 1.73
1.95 100.0  4.9   2.3 0.3000 0.3500 0.86
1.94  98.2  6.3   3.6 0.2100 0.2216 0.95
2.80  99.5 12.6  31.5 0.0600 0.0253 2.37
1.80  84.2  5.9   2.4 0.3100 0.3395 0.91
1.50  99.9  9.2   5.2 0.3900 0.1534 2.54
3.00  92.8  3.1   5.0 0.2900 0.1589 1.82
2.40  86.0  1.6   4.5 0.1600 0.1773 0.90
2.70  98.8  6.0   3.2 0.5000 0.2493 2.01
3.00  92.9  5.0   4.0 0.2900 0.1995 1.45
1.45  99.8  8.0   6.8 0.3600 0.1180 3.05
1.87  97.8  3.0   3.9 0.1840 0.2046 0.90
1.55 100.0 11.1  10.1 0.2900 0.0792 3.66
2.80  72.0  2.0   3.0 0.2300 0.2660 0.86
2.24  98.9  4.7   7.7 0.1700 0.1036 1.64
1.85  99.8  4.0   2.4 0.4230 0.3325 1.27
1.90 100.0 10.0   1.7 0.4190 0.4694 0.89
1.20  95.9  3.5   3.4 0.3400 0.2333 1.46
2.70  97.6  2.4   3.0 0.0300 0.2660 0.11
1.73  97.6  4.3   2.9 0.2500 0.2751 0.91
1.90 100.0  5.0   3.0 0.3510 0.2660 1.32
2.00  99.1  2.2   4.6 0.1600 0.1735 0.92
3.75  99.3  6.3   2.7 0.6000 0.2955 2.03
2.65  99.8 31.4   1.6 0.4000 0.4987 0.80
2.85  96.8  5.1   3.5 0.4700 0.2280 2.06
2.30  95.0  2.7   3.0 0.2000 0.2660 0.75
2.58  98.1  9.7   1.4 0.4400 0.5699 0.77
2.68  99.7  5.1   2.2 0.4500 0.3627 1.24
1.50  87.2  3.2   2.7 0.3600 0.2955 1.22
1.70  98.9  3.4   3.6 0.2000 0.2216 0.90
2.00 100.0  5.5   3.1 0.4570 0.2557 1.79
1.20  89.3  3.2   2.9 0.3760 0.2723 1.38
1.04  97.3  7.1   3.1 0.3710 0.2574 1.44
1.00  92.1  3.6   3.4 0.5000 0.2382 2.10
2.10  97.0  5.9   2.5 0.3100 0.3192 0.97
2.40  99.7  2.3   1.4 0.5500 0.5699 0.97
2.10  99.9  7.5   3.3 0.2200 0.2418 0.91
1.40  99.5  3.9   3.8 0.4000 0.2100 1.91
2.10  97.9  4.0   5.5 0.3100 0.1445 2.14
1.46  92.6  3.6   4.2 0.3100 0.1900 1.63
1.65  99.0  5.7   1.3 0.8800 0.6138 1.43
3.20 100.0  7.9   1.8 0.4200 0.4433 0.95
2.00  89.6  3.5  13.9 0.1200 0.0574 2.09
1.70  99.8  4.0  13.4 0.0800 0.0595 1.34
1.80  99.4  3.4   7.3 0.1500 0.1093 1.37
2.00  97.0 15.0   2.4 0.6200 0.3325 1.86
2.50   0.9  1.4   2.0 0.2900 0.3911 0.74
2.70 100.0  7.2   6.5 0.3300 0.1228 2.69
2.50  96.0  7.0   5.3 0.2600 0.1505 1.73
2.30  98.0  9.0   3.9 0.8400 0.2046 4.11
2.40 100.0  7.5   4.4 0.2500 0.1813 1.38
2.40 100.0  7.5  11.2 0.2200 0.0712 3.09
2.30 100.0  7.0   5.4 0.3100 0.1478 2.10
2.50  77.0  4.0   3.9 0.3200 0.2046 1.56
2.15 100.0  4.0   6.5 0.2100 0.1228 1.71
1.60  88.5  2.6   1.8 0.5100 0.4433 1.15
1.69  94.2  2.8   8.3 0.1200 0.0961 1.25
1.68  87.6  2.7  12.5 0.0800 0.0638 1.25
1.83  99.8  7.1   7.9 0.3900 0.1010 3.86
1.55 100.0  4.7   4.7 0.2600 0.1698 1.53
2.00 100.0  5.5   2.5 0.2700 0.3179 0.85
1.80  99.9  2.5   3.4 0.2700 0.2347 1.15
1.70  99.8  4.0   3.1 0.3900 0.2574 1.52
1.60 100.0  4.1   4.0 0.1600 0.2000 0.80
2.20  99.5 11.8   5.3 0.4500 0.1505 2.99
1.70  98.0  4.3   3.2 0.3300 0.2493 1.32
2.50  99.2  2.9   3.2 0.2200 0.2493 0.88
2.70  99.9  3.4   2.6 0.4100 0.3069 1.34
2.40  95.9  3.1   3.1 0.3600 0.2574 1.40
2.20  98.2  3.2   4.2 0.3600 0.1900 1.89
2.10  85.6  4.4   2.6 0.2900 0.3069 0.94
3.00  94.7  1.9   1.9 0.3600 0.4199 0.86
2.00  99.5 99.5   5.7 0.2200 0.1400 1.57
2.16  97.6  5.0   6.5 0.2200 0.1228 1.79
2.20 100.0  7.1   4.7 0.3600 0.1698 2.12
2.20  99.3  3.8  10.7 0.1600 0.0746 2.15
1.92  96.5  2.2   2.3 0.2500 0.3469 0.72
2.17  98.7  6.8   4.0 0.4500 0.1995 2.26
1.60 100.0  6.1   5.5 0.2800 0.1451 1.93
1.65  99.0  5.1   3.1 0.3600 0.2574 1.40
1.85 100.0 14.6   9.3 0.3100 0.0858 3.61
1.55  99.0  6.2   2.0 0.5000 0.3990 1.25
1.40 100.0  9.5   5.7 0.5600 0.1400 4.00
1.45  84.7  2.7   1.8 0.4100 0.4508 0.91
1.14  97.2  4.4   6.4 0.3400 0.1247 2.73
1.86  83.0  2.7   2.1 0.4100 0.3746 1.09
2.10  94.1  3.4   7.7 0.1300 0.1036 1.25
2.50  97.4  2.4   4.0 0.2200 0.1995 1.10
4.00  69.7  4.7   2.5 0.4700 0.3192 1.47
1.08 100.0 14.1   6.7 0.4200 0.1186 3.54
2.10  65.9  7.0   4.0 0.4500 0.1995 2.26
2.20  97.8  6.5   5.5 0.5500 0.1451 3.79
2.20  84.9  2.0   3.4 0.2900 0.2382 1.22
2.00  92.1  3.6   1.2 0.6100 0.6878 0.89
1.55  86.9  1.8   1.7 0.5300 0.4586 1.16
2.20  97.5  3.0   2.5 0.3800 0.3192 1.19
2.00  96.3  5.0   3.1 0.4900 0.2574 1.90
2.00  96.0  5.3   1.9 0.3400 0.4177 0.81
2.30  94.8  4.2   3.1 0.2300 0.2574 0.89
1.65  99.7  3.8   2.6 0.2800 0.3069 0.91
1.80  99.5  4.1   5.1 0.2000 0.1565 1.28
1.80  99.8  3.8   5.6 0.2000 0.1425 1.40
2.10  94.6  2.4   4.4 0.2400 0.1813 1.32
2.05  96.5  2.2   2.0 0.3000 0.3990 0.75
2.00 100.0  3.4   2.6 0.4000 0.3069 1.30
1.75  90.8  3.3   2.2 0.5900 0.3627 1.63
2.20  99.5  4.3   3.3 0.2200 0.2418 0.91
2.00  90.0  2.8   2.4 0.2700 0.3325 0.81
1.46  83.7  4.0   3.1 0.2000 0.2574 0.78
2.15  90.0  2.2   2.3 0.2300 0.3469 0.66
2.10  98.8  3.8   3.2 0.2100 0.2493 0.84
2.60  99.8  5.4   1.3 0.5900 0.6138 0.96
2.40  88.3  2.1   4.0 0.2700 0.1995 1.35
2.30  98.9  3.0   2.7 0.5000 0.2955 1.69
1.82  88.7  3.3   3.7 0.2800 0.2156 1.30
1.80  95.6  3.6   1.8 0.0500 0.4433 0.11
2.30  99.6  4.2   1.3 0.7700 0.6138 1.25
1.52  88.1  1.0   3.0 0.9100 0.2660 3.42
3.00  88.3  2.3   3.1 0.2840 0.2574 1.10
2.00 100.0  3.1   3.9 0.3230 0.2046 1.58
2.10 100.0  3.5   2.5 0.2900 0.3192 0.91
3.60  95.3  3.9   1.4 0.4300 0.5699 0.75
1.10 100.0  4.6   3.1 0.4500 0.2608 1.73
1.40  99.1 10.9   3.5 0.6700 0.2286 2.93
1.85  86.0  2.2   4.2 0.1720 0.1900 0.91
1.85  86.6  2.7   2.9 0.2480 0.2751 0.90
1.85  84.0  2.9   2.8 0.2620 0.2850 0.92
2.00  96.3  2.7   6.0 0.4400 0.1330 3.31
2.80  85.8  4.5   1.7 0.5800 0.4694 1.24
1.79  97.2  4.5   4.5 0.3800 0.1773 2.14
1.68  99.0  3.8   3.0 0.4300 0.2660 1.62
1.90  73.7  2.1   1.8 0.8700 0.4433 1.96
3.00  48.2  1.7   1.3 0.4100 0.6138 0.67
2.10 100.0  9.4   7.1 0.8200 0.1124 7.30
2.00  97.8  2.5   4.3 0.2400 0.1860 1.29
2.80  96.3  4.0   7.0 0.1900 0.1140 1.67
2.20  96.9  3.7   1.7 0.5100 0.4694 1.09
2.20 100.0  4.3   3.9 0.3200 0.2051 1.56
1.05  89.5  3.5   1.8 0.3200 0.4433 0.72
1.75  41.7  3.4   3.8 0.3300 0.2122 1.56
2.10 100.0  7.6   3.5 0.6000 0.2280 2.63
2.70  99.9  6.8   3.8 0.3530 0.2100 1.68
1.70  72.0  3.8   4.4 0.3200 0.1813 1.76
2.85  86.7  5.5   2.7 0.7100 0.2955 2.40
1.93   0.8  2.5   2.2 0.3780 0.3627 1.04
1.85   0.6  2.5   2.2 0.3280 0.3627 0.90
1.40  99.9  3.7  12.2 0.1000 0.0654 1.53
1.30  98.1  2.7   6.6 0.2300 0.1209 1.90
2.10 100.0  7.5   4.3 0.4100 0.1856 2.21
2.40  80.5  2.7   2.2 0.5400 0.3627 1.49
1.85 100.0 10.6   4.1 0.6600 0.1946 3.39
1.60 100.0  7.4   2.0 0.7100 0.3990 1.78
1.70  97.5  2.4   2.9 0.2300 0.2714 0.85
2.50  57.4  3.4   3.6 0.2500 0.2216 1.13
2.00 100.0  3.9   1.5 0.5700 0.5428 1.05
1.80  88.0  3.0   3.0 0.3200 0.2660 1.20
2.69  75.8  5.3   3.5 0.3690 0.2280 1.62
2.13  53.8  3.5   1.9 0.4800 0.4199 1.14
1.75 100.0  8.5  15.1 0.3530 0.0528 6.68
1.80  95.0  3.2   4.7 0.2100 0.1698 1.24
2.30  73.3  2.6   1.6 0.6800 0.4987 1.36
1.40  97.4  3.9   1.4 0.3200 0.5699 0.56
1.56  99.9  9.4   4.2 0.5250 0.1877 2.80
2.25  70.6  3.0   1.6 0.5700 0.4987 1.14
1.95  92.8  3.2   6.4 0.1600 0.1247 1.28
1.75  97.4  3.8   4.1 0.1600 0.1946 0.82
1.98  44.4  3.7   2.9 0.2100 0.2751 0.76
2.05  96.2  5.2   4.3 0.2600 0.1856 1.40
1.95  99.9  3.9   3.3 0.4200 0.2418 1.74
1.36 100.0  1.7   3.5 0.3500 0.2313 1.51
2.25  99.4  5.9   6.4 0.3560 0.1247 2.86
1.70  97.6  2.5   2.2 0.5100 0.3627 1.41
1.70  95.8  6.0   2.2 0.6550 0.3643 1.80
1.59  68.5  3.2   5.7 0.1700 0.1400 1.21
1.62  84.4  3.2   4.5 0.2400 0.1773 1.35
1.85  99.9  2.9   2.8 0.4300 0.2850 1.51
2.00  79.2  2.1   2.3 0.4000 0.3469 1.15
2.10  93.5  6.0   4.4 0.3700 0.1813 2.04
2.10  99.0  3.5   5.0 0.3400 0.1596 2.13
2.12  85.8  3.0   1.8 0.3000 0.4384 0.68
2.55  99.3  3.0   2.0 0.4100 0.3990 1.03
2.00  90.4  1.8   1.7 0.4000 0.4694 0.85
3.15  99.9  5.0   4.6 0.3800 0.1735 2.19
1.95  99.9  3.0   2.5 0.4000 0.3192 1.25
2.90  99.9  5.4   1.4 0.4200 0.5699 0.74
2.28  93.3  2.7   3.4 0.1900 0.2347 0.81
2.22  94.0  4.2   5.5 0.4000 0.1453 2.75
2.80  93.8  1.7   1.6 0.4600 0.4987 0.92
1.75  98.1  3.0   3.2 0.4000 0.2493 1.60
2.20  88.2  1.7   1.6 0.3400 0.4987 0.68
2.02  99.1  1.9   3.0 0.3200 0.2660 1.20
1.65  83.4  3.7   7.7 0.2200 0.1036 2.12
1.40  93.3  4.2   7.2 0.2300 0.1108 2.08
1.40  90.6  4.0   6.4 0.1800 0.1247 1.44
2.30  94.7  4.0   2.3 0.3100 0.3469 0.89
2.10  47.0  1.9   1.5 0.4900 0.5249 0.93
2.50  98.3  3.1   1.5 0.7200 0.5391 1.34
2.40  92.9  5.8   1.8 0.6900 0.4483 1.54
1.36  73.2  3.6   3.0 0.5000 0.2660 1.88
2.20  95.4  1.9   3.6 0.2300 0.2216 1.04
1.40  99.0  5.9   3.0 0.5500 0.2660 2.07
2.40  84.0  7.2   2.9 0.5600 0.2751 2.04
2.30  97.6  2.7   3.4 0.3200 0.2347 1.36
1.90  90.8  3.1   3.1 0.4300 0.2574 1.67
2.30 100.0  5.7   2.7 0.6500 0.2955 2.20
2.00  60.0  2.7   2.5 0.3300 0.3192 1.03
2.30  99.9  3.1   2.0 0.7000 0.3990 1.75
2.50  94.3  1.8   5.1 0.2000 0.1565 1.28
3.00  91.0  3.8   2.6 0.4300 0.3069 1.40
1.10  42.4  2.1   3.6 0.1900 0.2216 0.86
1.85  82.8  2.7   3.6 0.0300 0.2216 0.14
1.84  80.8  5.2   1.9 0.8000 0.4199 1.91
1.36  96.0  9.9   4.2 0.4500 0.1882 2.39
2.10 100.0  7.0   1.5 0.4700 0.5319 0.88
1.50  99.0  3.2  13.0 0.1000 0.0614 1.63
1.60  99.8  6.7   4.3 0.4100 0.1856 2.21
2.20  99.6  6.8   2.3 0.3320 0.3469 0.96
2.00  99.3  4.7   2.2 0.2470 0.3627 0.68
1.90  97.5  4.1   2.3 0.4900 0.3469 1.41
2.20  88.5  3.6   2.0 0.5400 0.3990 1.35
2.80  98.3  1.7   3.1 0.2610 0.2574 1.01
2.50  80.1  3.4   2.7 0.2710 0.2955 0.92
3.80  98.5  3.8   3.2 0.2360 0.2493 0.95
2.20 100.0  3.8   3.8 0.3830 0.2100 1.82
2.40 100.0  5.7   2.2 0.1820 0.3627 0.50
2.20  92.5  1.7   2.3 0.2910 0.3469 0.84
2.40  83.2  2.5   2.4 0.3020 0.3325 0.91
2.30  98.7  2.4   8.3 0.0720 0.0961 0.75
2.20 100.0  6.7   4.1 0.4970 0.1946 2.55
2.60  98.1  3.2   2.1 0.4260 0.3800 1.12
2.20  99.1  4.7   3.9 0.3610 0.2046 1.76
1.90 100.0 13.4   9.9 0.3200 0.0806 3.97
2.80 100.0 17.2   2.1 0.5740 0.3800 1.51
1.15  59.0  3.5   3.8 0.2350 0.2100 1.12
1.30  98.3  4.7   4.9 0.2220 0.1628 1.36
1.65 100.0  7.3   3.2 0.3860 0.2493 1.55
1.55  73.4  3.3   3.8 0.3560 0.2100 1.70
2.26  99.3  3.4   3.4 0.3680 0.2347 1.57
1.65  96.9  4.3   1.8 0.3720 0.4433 0.84
1.89  99.7  6.3   6.4 0.3790 0.1241 3.05
1.45 100.0 14.4   4.8 0.6350 0.1662 3.82
1.90 100.0  7.0   5.6 0.3510 0.1425 2.46
2.10 100.0  4.3   3.2 0.2280 0.2493 0.91
1.60  85.1  3.1   5.3 0.2460 0.1505 1.63
1.20  99.8  5.2   2.6 0.5590 0.3069 1.82
2.40  99.6  6.0   3.6 0.5380 0.2216 2.43
2.00  99.2  3.8   2.4 0.3060 0.3325 0.92
3.60  99.9  4.7   3.6 0.4340 0.2216 1.96
2.20 100.0  6.5   4.3 0.3610 0.1856 1.95
1.65  90.6  7.1   5.8 0.2110 0.1376 1.53
1.20 100.0  8.8   4.7 0.3190 0.1698 1.88
2.10 100.0  5.0   3.7 0.4400 0.2156 2.04
2.10 100.0 13.6   3.7 0.6030 0.2168 2.78
1.60  90.5  3.8   4.7 0.3090 0.1698 1.82
2.90  84.4 12.0   5.1 0.3580 0.1565 2.29
1.70  99.4  8.5   3.1 0.4050 0.2574 1.57
2.80  85.5  2.9   1.6 0.3680 0.4987 0.74
2.80  98.6  3.0   2.0 0.3190 0.3990 0.80
1.40  95.1  5.4  12.6 0.1970 0.0633 3.11
1.80  92.0  4.9   3.8 0.1910 0.2100 0.91
2.56  94.5  7.3   2.0 0.3620 0.3990 0.91
2.00  99.9  8.8   1.9 0.9510 0.4177 2.28
2.70  81.8  2.1   2.6 0.1910 0.3117 0.61
2.30  81.9  2.3   3.3 0.4320 0.2418 1.79
1.95  87.8  3.6   1.4 0.5800 0.5699 1.02
2.80 100.0  6.4   1.9 0.3860 0.4199 0.92
1.60  96.0  3.9   4.2 0.2580 0.1900 1.36
2.00  98.0  5.3   5.4 0.1540 0.1478 1.04
2.00  98.3  5.4   4.2 0.2490 0.1900 1.31
2.00 100.0  5.9   5.5 0.1960 0.1451 1.35
2.00  82.8  2.2   1.9 0.3550 0.4313 0.82
1.60  76.9  3.5   5.5 0.1440 0.1464 0.98
2.80 100.0  2.8   2.5 0.4380 0.3192 1.37
1.45  96.3  3.2   3.6 0.3750 0.2235 1.68
2.00 100.0  6.9   3.5 0.6470 0.2280 2.84
1.60  96.9  5.9   6.2 0.2700 0.1287 2.10
2.00  96.9 21.7   1.8 0.4000 0.4433 0.90
1.50  83.9  2.7   4.1 0.2610 0.1946 1.34
2.00  99.0  3.0   3.5 0.3640 0.2280 1.60
1.90  83.8 83.8  11.4 0.1230 0.0700 1.76
1.60  81.3 81.3  13.0 0.1750 0.0614 2.85
2.30 100.0  4.2   3.7 0.2020 0.2156 0.94
2.90 100.0  7.3   3.3 0.2240 0.2418 0.93
2.00 100.0  8.2   9.9 0.3520 0.0806 4.37
2.50 100.0  4.4   2.5 0.3430 0.3192 1.07
2.30  74.3  3.3   2.2 0.2080 0.3627 0.57
2.60  90.3  4.9   3.7 0.4210 0.2156 1.95
2.07 100.0 11.3   3.8 0.1860 0.2100 0.89
1.78  99.0  3.7   2.6 0.2820 0.3069 0.92
1.60  98.5  3.5   7.5 0.0620 0.1064 0.58
1.50  94.2  4.5   4.2 0.3510 0.1913 1.83
1.90  93.4  2.7   4.0 0.2690 0.1995 1.35
1.70  85.4  3.5  14.9 0.0680 0.0536 1.27
1.80  94.3  5.5   3.5 0.2640 0.2313 1.14
1.60  96.8  3.6   2.8 0.4900 0.2850 1.72
2.20  77.7  2.3   3.7 0.2610 0.2156 1.21
2.20  88.7  3.4   2.9 0.4030 0.2751 1.46
2.20  99.1  3.9   3.9 0.3610 0.2046 1.76
2.30  84.3  2.9   2.9 0.3380 0.2761 1.22
2.60  99.8 11.8   3.6 0.4040 0.2216 1.82
1.54  90.1  2.4   5.4 0.1880 0.1478 1.27
2.26  88.6  5.4   5.9 0.2480 0.1352 1.83
2.50  94.0  2.4   4.9 0.1260 0.1628 0.77
2.30  98.9  4.0  60.7 0.3440 0.0131 26.17
1.90  54.0 12.2   8.1 0.2300 0.0985 2.33
2.26  83.5  2.9   1.7 0.5050 0.4694 1.08
2.26  81.9  3.2   2.0 0.5510 0.3990 1.38
2.26  65.7  2.5   1.9 0.3920 0.4199 0.93
2.60  91.3  4.0   2.7 0.2490 0.2955 0.84
1.94 100.0  3.9   2.0 0.3400 0.3990 0.85
2.30 100.0  2.0   2.7 0.3600 0.2955 1.22
2.50  90.3  5.3   3.1 0.2740 0.2574 1.06
1.85  52.3  1.5   2.1 0.2850 0.3800 0.75
1.30  46.1  2.1   4.1 0.1550 0.1946 0.80
1.80  85.7  2.5   3.1 0.2480 0.2574 0.96
2.45  75.5  1.7   5.2 0.1250 0.1534 0.81
2.00 100.0 13.6   3.0 0.2420 0.2660 0.91
1.90  89.5  3.6   2.4 0.4450 0.3325 1.34
1.80  97.5  3.6   1.9 0.4200 0.4199 1.00
2.30  91.9  1.3   3.6 0.2580 0.2216 1.16
1.90  93.0  5.7   2.9 0.4790 0.2751 1.74
2.35 100.0  2.0   2.2 0.4846 0.3677 1.32
2.00  82.2  4.0   1.9 0.5270 0.4199 1.25
1.60  99.9  3.2   2.7 0.3860 0.2955 1.31
2.70  99.9  7.0   5.3 0.3070 0.1505 2.04
1.75  88.0  3.2   2.1 0.5800 0.3800 1.53
2.10 100.0  7.7   2.0 0.4000 0.3990 1.00
2.20  97.8  4.5   5.9 0.2430 0.1352 1.80
2.30  92.9  3.5   4.9 0.3140 0.1628 1.93
2.30  94.2  4.3   4.9 0.3350 0.1628 2.06
1.60  97.0  2.0   3.8 0.2030 0.2100 0.97
2.80  90.7  2.4   2.2 0.3140 0.3677 0.85
2.30 100.0  9.3   5.0 0.4850 0.1612 3.01
2.30 100.0 11.1   2.9 0.8570 0.2751 3.11
2.20  99.8  6.1   1.8 0.6870 0.4559 1.51
1.70  91.7  3.6   4.4 0.1590 0.1813 0.88
2.30 100.0  5.0   9.1 0.2140 0.0882 2.43
1.89  81.3  2.3   2.8 0.3490 0.2860 1.22
1.45 100.0  3.9   3.1 0.4500 0.2541 1.77
1.55  96.7  6.5   2.4 0.2880 0.3325 0.87
1.54  73.7  1.0   4.9 0.2680 0.1628 1.65
1.90 100.0  3.7   1.7 0.6000 0.4694 1.28
1.78  85.4  4.6   3.1 0.3780 0.2574 1.47
1.50  90.6  1.8   1.9 0.3140 0.4313 0.73
2.10  97.6  7.1   4.3 0.1640 0.1856 0.88
2.80   4.1  4.1   1.7 0.4390 0.4694 0.94
1.70  94.7  3.0   2.8 0.3120 0.2850 1.09
1.60  93.1  3.4   8.1 0.0700 0.0985 0.71
1.90  99.9  5.2   2.1 0.2900 0.3800 0.76
2.35  77.5  2.2   1.9 0.4270 0.4199 1.02
2.75  81.5  2.3   1.9 0.4040 0.4199 0.96
2.10  96.0  2.5   2.4 0.4080 0.3325 1.23
1.08  95.1  4.6   1.8 0.2700 0.4433 0.61
1.01  93.2  3.6   6.5 0.1710 0.1228 1.39
0.85  56.8  3.4   1.8 0.3200 0.4433 0.72
0.85  63.4  3.0   2.4 0.2300 0.3325 0.69
1.50  92.1  6.0   7.1 0.1430 0.1124 1.27
1.90  94.9  6.5   8.0 0.1660 0.0997 1.66
1.55  85.3  3.2   3.0 0.3700 0.2660 1.39
3.80  76.8  1.8   3.6 0.2550 0.2216 1.15
2.00 100.0  4.2   3.9 0.1710 0.2046 0.84
2.20 100.0 11.0   1.6 0.5180 0.4987 1.04
2.86  98.1  3.6   5.4 0.2740 0.1478 1.85
2.68  93.3  3.8   6.6 0.2200 0.1216 1.81
1.50  98.7  3.3   3.6 0.3580 0.2216 1.62
2.30 100.0 12.6   6.2 0.4040 0.1293 3.12
1.40  82.0  2.9   7.1 0.0390 0.1124 0.35
1.40  97.4  3.3  21.5 0.0370 0.0371 1.00
1.30  98.6  4.2  24.3 0.0540 0.0328 1.64
1.40 100.0 12.1   7.3 0.2650 0.1093 2.42
2.19  97.9  5.6   4.5 0.3710 0.1773 2.09
2.40  98.6  3.8   3.4 0.4350 0.2347 1.85
1.50  82.8  2.8   1.7 0.3910 0.4694 0.83
1.16  77.5  4.9   4.0 0.2330 0.1995 1.17
3.00  80.3  5.6   4.2 0.3590 0.1900 1.89
3.17 100.0  7.0   3.9 0.4120 0.2046 2.01
3.30  22.0  1.0   1.6 0.4700 0.4987 0.94
1.90  99.8  8.2  16.0 0.2690 0.0499 5.39
3.50  29.0  1.0   1.5 0.4500 0.5319 0.85
1.80 100.0  6.2   3.2 0.4450 0.2493 1.78
2.50  95.6  2.6   3.0 0.3390 0.2660 1.27
2.10  97.7  5.0   2.5 0.4810 0.3192 1.51
1.85  89.4  3.4   3.5 0.1800 0.2306 0.78
1.90  95.5  3.7   3.0 0.2300 0.2651 0.87
2.12  88.7  9.4   8.0 0.3060 0.0997 3.07
2.40 100.0  2.0   2.2 0.4849 0.3694 1.31
2.01  89.6  3.9   6.5 0.2060 0.1228 1.68
2.45  86.6  4.6   2.7 0.3580 0.2966 1.21
2.30  96.7  2.7   3.7 0.2470 0.2162 1.14
2.80   3.5  3.8   1.6 0.4810 0.5082 0.95
1.86  90.3  4.3   1.0 0.5274 0.7979 0.66
2.10  98.0  3.9   3.5 0.2710 0.2280 1.19
2.25  99.9  3.5   2.0 0.3760 0.3990 0.94
1.83 1401.0  2.5   4.2 0.1850 0.1900 0.97
1.50  90.5  7.0  10.1 0.1730 0.0790 2.19
1.80  71.0  7.0  17.1 0.0830 0.0467 1.78
2.00  99.4  4.0   3.1 0.2500 0.2608 0.96
1.90  94.0  4.2   3.2 0.1900 0.2463 0.77
2.00  99.2  5.5   2.0 0.8450 0.3990 2.12
1.57  94.2  5.7   5.2 0.3760 0.1534 2.45
2.00  80.2  4.8   1.6 0.0160 0.4987 0.03
1.44  70.4  7.0   3.2 0.8390 0.2497 3.36
2.50 100.0  6.0   2.5 0.6700 0.3192 2.10
2.50  99.1  4.8   2.7 0.5930 0.2955 2.01
2.25  98.6  3.5   1.5 0.4340 0.5319 0.82
1.90  61.9  4.0   4.0 0.2520 0.1985 1.27
1.51  94.1  2.9   1.3 0.8100 0.6138 1.32
1.61   0.7  1.2   0.2 0.9640 3.5621 0.27
2.10 100.0  4.2   3.1 0.4810 0.2574 1.87
1.95  91.4  4.8   2.6 0.2840 0.3069 0.93
2.30 100.0  4.3   3.3 0.3970 0.2418 1.64
2.31  96.7  4.1   3.5 0.2120 0.2280 0.93
2.92  27.4  0.4   1.5 0.1580 0.5319 0.30
1.84  98.9  4.2   2.9 0.5730 0.2751 2.08
1.70  95.7  3.6   6.8 0.2150 0.1173 1.83
2.10  96.3  3.5   2.9 0.2100 0.2751 0.76
1.45  95.5  3.8   2.8 0.4670 0.2850 1.64
1.90  97.8  3.2   2.7 0.4120 0.2955 1.39
2.80  99.7  6.8   5.1 0.2490 0.1565 1.59
2.90  99.6  7.5   2.0 0.3800 0.3990 0.95
3.00  90.2  3.2   2.6 0.2830 0.3069 0.92
3.00  88.8  2.5   2.1 0.3640 0.3800 0.96
1.60  61.3  3.0   1.5 0.4070 0.5249 0.78
1.70  88.2 13.7   4.2 0.1550 0.1900 0.82
2.24  82.0  3.2   1.8 0.5020 0.4336 1.16
1.95  97.7  3.0   3.1 0.1590 0.2574 0.62
2.30  83.5  4.7   2.9 0.1990 0.2751 0.72
1.76  98.9 13.6  13.1 0.2600 0.0610 4.26
2.00  77.2  3.6   2.2 0.4840 0.3627 1.33
2.30  61.2  2.2   2.2 0.3550 0.3627 0.98
2.00  98.6  3.6   2.5 0.4880 0.3243 1.50
1.10  95.0  2.7   8.4 0.1370 0.0950 1.44
1.90  97.3  2.6   2.5 0.2530 0.3192 0.79
2.70  95.6  3.3   2.3 0.4810 0.3469 1.39
3.10 100.0 10.7   2.5 0.9870 0.3192 3.09
1.80  97.1  4.2   3.0 0.2830 0.2660 1.06
1.85  92.3  4.0   3.2 0.2620 0.2493 1.05
1.70  89.5  3.9   5.2 0.2770 0.1526 1.82
1.70  92.5  3.8  14.8 0.0740 0.0539 1.37
3.30 100.0  3.9   2.7 0.4230 0.2955 1.43
3.35 100.0  3.7   2.3 0.4960 0.3410 1.45
3.30 100.0  3.7   2.4 0.4650 0.3325 1.40
3.20  95.3  3.9   2.6 0.3020 0.3069 0.98
3.25  95.2  3.8   3.2 0.4630 0.2493 1.86
3.25 100.0  3.6   2.2 0.4160 0.3627 1.15
0.97  82.1  4.1   1.8 0.5500 0.4433 1.24
1.53  81.2  1.6   1.6 0.5580 0.4987 1.12
2.10  71.8  2.7   1.7 0.4810 0.4612 1.04
1.90  83.8  1.6   2.8 0.2560 0.2850 0.90
1.40  96.2  4.9   2.4 0.6050 0.3325 1.82
2.20 100.0  4.0   2.9 0.4970 0.2742 1.81
2.71  43.2  1.2   2.4 0.2340 0.3325 0.70
1.48  92.0  3.2   1.6 0.3790 0.4987 0.76
2.50  97.3  2.4   2.0 0.6370 0.3990 1.60
1.90  98.1 15.7   2.5 0.7940 0.3204 2.48
1.90  98.4  5.1   3.1 0.3570 0.2574 1.39
2.40  96.3  4.0   2.0 0.3230 0.3990 0.81
2.70  38.6  1.8   1.6 0.4140 0.4987 0.83
1.98  99.1  3.8   6.2 0.2720 0.1287 2.11
2.50  93.3  2.5   2.5 0.3520 0.3192 1.10
3.05  99.0  3.4   1.9 0.5740 0.4199 1.37
2.50  99.1 15.8   6.0 0.5400 0.1334 4.05
1.70  92.2  4.0   5.3 0.2070 0.1505 1.37
1.90 100.0  5.1   4.7 0.3570 0.1698 2.10
2.00 100.0  2.8   3.9 0.1620 0.2046 0.79
2.00  99.9  4.1   2.2 0.4560 0.3660 1.25
2.70  96.3  5.1   4.1 0.3380 0.1946 1.74
1.90  88.9  4.2   3.4 0.4660 0.2347 1.99
2.10 100.0 16.5   9.5 0.3100 0.0840 3.69
2.00  63.6  2.1   2.5 0.2360 0.3192 0.74
1.86 100.0  4.2   3.4 0.4000 0.2347 1.70
2.15  96.9  2.1   2.5 0.2890 0.3217 0.90
2.40  99.5  3.8   3.9 0.3370 0.2046 1.65
2.25  99.7  3.0   3.2 0.3680 0.2493 1.48
2.05  89.5  5.8   2.5 0.7410 0.3217 2.30
2.70  99.7 13.8   6.5 0.4340 0.1228 3.54
2.70  85.0  2.9   2.6 0.3290 0.3081 1.07
1.70  78.4  1.9   4.9 0.2360 0.1628 1.45
2.00 100.0  6.6   8.9 0.2610 0.0897 2.91
1.80  69.9  6.1   1.4 0.4800 0.5541 0.87
1.85  63.8  1.7   2.5 0.3240 0.3192 1.02
1.60 100.0  3.6   4.6 0.4010 0.1738 2.31
2.10 100.0  6.8   7.7 0.2360 0.1036 2.28
2.30 100.0  7.1   5.5 0.3670 0.1443 2.54
1.80  98.8  2.1   2.5 0.2500 0.3141 0.80
2.40  93.1  4.8   6.6 0.1900 0.1209 1.57
2.00  82.2  4.3   2.9 0.2780 0.2751 1.01
1.60  99.7  4.2   8.2 0.2680 0.0973 2.75
2.10  95.0  5.2   6.5 0.1780 0.1228 1.45
2.15  93.7  8.2   2.1 0.3670 0.3800 0.97
2.00  99.1  4.5   3.6 0.4270 0.2186 1.95
1.94  84.7  3.4   3.0 0.3150 0.2660 1.18
1.75  98.0  3.3   2.7 0.2600 0.2955 0.88
1.50  77.3  2.0   1.6 0.5400 0.4987 1.08
1.73  79.3  2.1   1.7 0.4520 0.4694 0.96
2.23  99.1  4.5   5.5 0.5100 0.1453 3.51
2.03  91.9  3.5   2.7 0.3720 0.2955 1.26
1.84  93.8  2.6   1.6 0.4980 0.4987 1.00
2.00  98.9  5.9   2.9 0.6740 0.2751 2.45
1.45  92.7  3.5   2.6 0.5450 0.3069 1.78
1.93  74.0  1.9   2.9 0.2000 0.2751 0.73
2.96  92.5  3.2   1.9 0.7600 0.4199 1.81
2.20 100.0  7.7   4.6 0.4010 0.1735 2.31
2.25  91.1  6.3   3.3 0.4390 0.2418 1.82
2.10  98.2  9.0   5.5 0.4620 0.1451 3.18
2.19  95.9  4.5   1.1 0.6660 0.7254 0.92
2.06  99.9  4.6   1.6 0.9520 0.4987 1.91
2.70  95.4  4.3   2.9 0.2600 0.2751 0.94
2.31  98.1  4.7   3.4 0.3720 0.2347 1.59
1.92 100.0  6.3   1.5 0.7860 0.5319 1.48
2.40  87.2  6.0   1.5 0.6950 0.5319 1.31
1.74  92.9  7.3   4.3 0.5450 0.1838 2.96
2.00  99.9  6.3   3.8 0.3340 0.2100 1.59
2.30  90.7  1.7   2.8 0.2950 0.2850 1.04
1.90  99.4  5.8   1.1 0.0170 0.7254 0.02
1.89  93.1  6.5   1.6 0.0151 0.4987 0.03
1.85  87.1  2.1   2.1 0.4380 0.3800 1.15
1.80  95.4  3.3   2.5 0.5980 0.3192 1.87
2.50  99.3  4.0   2.8 0.2660 0.2850 0.93
2.10  66.3  2.1   2.9 0.3290 0.2751 1.20
1.15  70.7  1.9   2.2 0.3450 0.3594 0.96
2.30  94.0  4.4   2.3 0.5680 0.3469 1.64
1.90 100.0  9.8   6.5 0.5330 0.1228 4.34
2.10  59.3  3.8   1.4 0.7390 0.5876 1.26
2.31 100.0  3.7   3.0 0.3450 0.2660 1.30
3.05  98.8  4.3   2.2 0.3310 0.3627 0.91
1.90  99.4  3.5   3.1 0.4300 0.2574 1.67
2.00  99.2  3.5   3.3 0.3840 0.2418 1.59
1.98  75.9  4.2   2.1 0.7090 0.3782 1.87
2.20 100.0  4.0   1.9 0.3720 0.4199 0.89
2.30  93.6  7.9   3.4 0.4910 0.2326 2.11
1.99  81.0  6.2   5.8 0.0230 0.1376 0.17
1.61  89.4  1.7   2.0 0.5500 0.3990 1.38
1.15  94.5  3.5   4.0 0.3510 0.2000 1.76
1.55  99.9  3.8   2.5 0.2610 0.3192 0.82
1.72  99.6  3.6   1.6 0.7820 0.4987 1.57
1.54  93.6  2.9   1.5 0.5100 0.5319 0.96
2.28 100.0  5.2   1.6 0.0108 0.4987 0.02
2.34 100.0  4.1   1.3 0.9190 0.6138 1.50
2.80 100.0 13.8   4.1 0.5070 0.1946 2.61
1.80 100.0 17.0   1.1 0.7000 0.7599 0.92
1.37  96.2  2.8   1.4 0.8940 0.5699 1.57
1.79  96.9  5.5   1.3 0.5990 0.6138 0.98
1.80  99.5 13.7   2.1 0.6042 0.3888 1.55
1.80  96.7  3.7   3.7 0.2400 0.2180 1.10
2.57  86.6  2.5   4.0 0.2420 0.1995 1.21
2.80 100.0  5.0   4.7 0.2790 0.1698 1.64
3.00  95.1  4.4   2.1 0.4830 0.3800 1.27
1.70  80.2  6.2   2.3 0.3558 0.3411 1.04
2.50  99.6  4.9   3.6 0.4110 0.2216 1.85
1.80  85.0 15.9   2.0 0.6882 0.3970 1.73
1.60 100.0  7.5   2.5 0.4911 0.3254 1.51
2.15   0.9  5.7   5.0 0.3170 0.1602 1.98
1.60  91.7  3.2   2.9 0.3470 0.2751 1.26
2.02  95.5  6.3  11.3 0.1770 0.0706 2.51
1.76  95.5  5.7   8.5 0.3920 0.0939 4.18
2.10  99.9  6.0   5.7 0.3270 0.1412 2.32
1.89  60.9  3.9   4.7 0.2270 0.1698 1.34
2.25  95.4  4.9   2.7 0.3710 0.2955 1.26
2.70  97.3  4.5   5.3 0.1690 0.1505 1.12
1.90  96.1  5.9   4.0 0.5210 0.1981 2.63
1.80  87.3  5.0   2.7 0.6930 0.2988 2.32
1.81  94.1  4.1   2.5 0.3720 0.3192 1.17
2.05  89.9  4.9   1.8 0.4220 0.4433 0.95
2.10  99.9  5.7   2.5 0.7000 0.3192 2.19
1.80  98.5  3.7   2.0 0.7100 0.3990 1.78
3.10  95.6  4.4   2.1 0.2800 0.3800 0.74
3.10  98.0  4.2   1.9 0.6400 0.4199 1.52
1.03  78.1  3.9   2.5 0.4680 0.3192 1.47
1.69  90.5  6.1   3.5 0.5780 0.2299 2.51
2.10  99.2  7.4   2.8 0.2360 0.2850 0.83
2.90 100.0  3.5   1.6 0.4560 0.4987 0.91
2.35  98.4  4.5   4.5 0.3310 0.1773 1.87
2.40  51.5  5.0   1.9 0.5240 0.4313 1.21
2.30  96.3  3.8   1.9 0.3390 0.4199 0.81
1.78  83.3  3.7   2.5 0.2980 0.3192 0.93
1.80  94.0  3.0   1.9 0.5970 0.4113 1.45
1.65  80.0 10.8   1.8 0.8790 0.4433 1.98
3.30 100.0 22.2  10.3 0.2910 0.0775 3.76
2.80  99.8 12.5   9.1 0.2990 0.0877 3.41
1.61  14.5  3.0   2.8 0.2430 0.2850 0.85
1.94  99.3  4.5   4.8 0.2000 0.1662 1.20
2.15  84.6  9.8   2.1 0.4110 0.3800 1.08
1.58  98.1  2.5   3.1 0.2230 0.2574 0.87
1.85  87.7  2.7   1.9 0.5870 0.4199 1.40
2.70  99.8 11.8   4.5 0.5460 0.1773 3.08
2.50  97.8  5.2   3.7 0.2720 0.2156 1.26
2.20  92.9  2.2   2.3 0.3500 0.3469 1.01
2.10  88.1  1.6   5.4 0.1040 0.1478 0.70
2.20  94.6  2.6   2.4 0.4060 0.3325 1.22
2.00  60.9  1.9   1.9 0.5290 0.4199 1.26
2.70  98.8  3.3   2.4 0.5010 0.3325 1.51
1.60  97.7  3.6   6.5 0.1990 0.1228 1.62
2.00  92.2  3.0   2.5 0.2440 0.3192 0.76
1.60  99.2  6.9   1.6 0.4780 0.4987 0.96
2.20  94.5  6.0   3.2 0.5250 0.2493 2.11
2.80 100.0  9.5   6.6 0.3960 0.1209 3.28
2.00  98.7  2.5   4.9 0.1220 0.1628 0.75
2.65  91.7  2.2   2.2 0.4120 0.3627 1.14
2.80  98.5  3.1   1.6 0.3330 0.4987 0.67
1.90 100.0  6.5   3.1 0.3470 0.2574 1.35
2.35 100.0  7.6   3.2 0.4250 0.2493 1.70
1.80  76.2  1.5   3.0 0.3000 0.2660 1.13
2.80  93.7  2.4   3.2 0.3220 0.2493 1.29
1.90  98.7  5.4   3.8 0.4630 0.2100 2.21
1.30  69.5  3.0   4.6 0.2290 0.1735 1.32
1.70  90.5  2.7   8.2 0.1030 0.0973 1.06
1.80  60.9  2.6   8.6 0.1010 0.0931 1.08
1.80  89.7  3.2   1.5 0.7480 0.5319 1.41
1.85  90.0  2.7  10.7 0.0710 0.0745 0.95
1.90  69.2  2.9   2.9 0.2400 0.2751 0.87
2.10  99.9  4.4   5.6 0.2110 0.1425 1.48
2.20  95.0  3.9   9.2 0.0780 0.0867 0.90
2.10  95.7  5.3   3.0 0.6290 0.2660 2.36
2.00 100.0 16.1  12.7 0.2630 0.0628 4.19
2.26  95.4  3.8   3.9 0.2190 0.2046 1.07
1.26  99.4  9.8   6.7 0.3500 0.1191 2.94
2.90  98.5  8.5   2.8 0.4450 0.2850 1.56
1.10  92.4  2.0   2.6 0.3610 0.3069 1.18
1.50  98.4 20.4   9.0 0.4225 0.0884 4.78
0.84  57.0  2.0   3.1 0.2500 0.2574 0.97
2.60  73.4  3.0   2.7 0.4180 0.2955 1.41
1.40  94.3  3.5   4.9 0.2750 0.1638 1.68
2.01  77.2  5.0   5.6 0.2670 0.1425 1.87
2.30  99.0  5.7   4.8 0.5670 0.1662 3.41
2.40  99.8  7.5   5.9 0.4120 0.1352 3.05
2.22  99.8  7.2   5.9 0.6130 0.1362 4.50
1.65  92.3  2.9   3.9 0.2400 0.2046 1.17
1.80  43.3  2.1   2.2 0.0190 0.3627 0.05
1.90  92.1  4.1   2.1 0.3700 0.3800 0.97
2.30  95.2  9.8   9.6 0.0660 0.0831 0.79
2.90  97.7  3.0   3.4 0.3880 0.2347 1.65
2.30  47.2  3.7   2.3 0.3020 0.3469 0.87
2.50  98.6  7.8   1.9 0.6670 0.4267 1.56
2.55  99.4  6.5   2.1 0.7100 0.3800 1.87
1.80  98.2  4.1   1.5 0.7810 0.5319 1.47
1.83  85.9  3.8   3.0 0.2400 0.2660 0.90
2.00  84.3  2.0  10.0 0.4470 0.0798 5.60
1.75  99.5  6.5   3.4 0.3050 0.2347 1.30
1.86   0.5  1.5   2.7 0.2740 0.2955 0.93
2.20 100.0 18.4   3.3 0.4110 0.2418 1.70
2.10  99.9  6.4   9.0 0.3830 0.0887 4.32
2.10 100.0  6.8   9.3 0.2580 0.0853 3.02
1.90  99.8  7.7  28.9 0.0470 0.0276 1.70
1.70  81.3  1.5   2.5 0.2690 0.3192 0.84
1.91  78.1  2.8   3.0 0.1490 0.2660 0.56
1.88  84.1  3.1   1.4 0.2810 0.5699 0.49
1.80  99.6 10.9  10.8 0.1230 0.0736 1.67
2.13  90.2  3.1   1.3 0.1850 0.6138 0.30
2.20  84.6  3.4   3.8 0.2540 0.2100 1.21
1.45  99.1  4.9   3.5 0.3950 0.2280 1.73
1.71  99.2  8.2   3.7 0.5140 0.2156 2.38
1.93  83.2  5.8   2.9 0.1850 0.2751 0.67
1.74  78.1  2.8   2.2 0.4310 0.3627 1.19
1.98  84.1  2.9   1.7 0.2420 0.4694 0.52
2.11  88.2  3.3   1.7 0.2520 0.4694 0.54
1.55  99.0  4.4  15.5 0.0400 0.0515 0.78
1.90  76.9  2.5   4.9 0.1370 0.1628 0.84
2.30  99.7  6.0   4.0 0.4400 0.1970 2.23
2.90  99.7  6.3   7.3 0.2800 0.1093 2.56
2.16  87.6  3.3   1.5 0.2630 0.5319 0.49
2.11  86.7  3.0   1.9 0.2270 0.4199 0.54
2.50  58.0  3.5   3.0 0.3100 0.2660 1.17
1.64  96.4  7.0   2.7 0.5810 0.2955 1.97
1.55  82.4  5.4   4.3 0.1770 0.1856 0.95
2.25  72.5  1.7   4.7 0.1460 0.1698 0.86
2.22  90.0  3.4   1.8 0.2530 0.4433 0.57
2.27  89.8  3.6   1.9 0.1500 0.4199 0.36
2.10  86.5  3.5   2.2 0.1890 0.3627 0.52
1.95  87.5  6.5   3.2 0.5390 0.2486 2.17
2.20  96.6  5.8   3.1 0.4320 0.2574 1.68
1.60  95.4  3.6   4.8 0.4800 0.1662 2.89
2.50  98.4  2.3   1.8 0.4470 0.4559 0.98
3.60  99.7  3.9   3.8 0.3720 0.2100 1.77
2.65  97.2  4.0   2.6 0.4130 0.3069 1.35
2.14  91.0  3.5   2.9 0.1730 0.2751 0.63
1.60  45.9  5.2   4.1 0.2860 0.1946 1.47
3.60 100.0  3.0   2.1 0.6670 0.3800 1.76
2.40  99.9  3.5   4.5 0.2830 0.1793 1.58
2.30  84.1  2.0   1.8 0.2930 0.4433 0.66
3.30  81.2  2.4   2.6 0.3110 0.3069 1.01
2.20 100.0 11.5   2.1 0.0121 0.3800 0.03
2.80  98.5  2.4   1.5 0.3590 0.5319 0.67
2.30  65.6 10.1   2.0 0.3880 0.3990 0.97
1.70  93.0  2.9   4.5 0.1740 0.1773 0.98
1.73  72.2  2.3   1.6 0.2640 0.4987 0.53
1.67  93.1  4.0   4.5 0.4110 0.1773 2.32
1.67  32.9  1.7   4.5 0.1310 0.1773 0.74
2.58  14.0  1.2   1.5 0.3110 0.5319 0.58
1.55  19.1  1.2   3.3 0.1620 0.2418 0.67
2.80  70.3  2.7   3.1 0.1560 0.2574 0.61
1.79  95.2  3.0   3.7 0.2500 0.2162 1.16
1.51  97.1  3.4   7.7 0.1540 0.1040 1.48
2.20  62.0  2.2   1.4 0.5890 0.5619 1.05
2.35  99.5  4.1   3.2 0.2560 0.2470 1.04
2.11  90.4  2.9   3.9 0.3250 0.2062 1.58
2.55  95.2  2.8   3.3 0.3220 0.2396 1.34
1.77  81.6  1.6   4.5 0.3300 0.1789 1.84
3.21 100.0  2.0   2.5 0.4161 0.3204 1.30
1.87  72.7  2.7   2.0 0.4730 0.3990 1.19
1.50  95.6  4.2   3.4 0.3400 0.2347 1.45
1.40 100.0  4.1   3.6 0.3300 0.2216 1.49
1.75  98.4  2.7   2.6 0.2400 0.3069 0.78
2.16  87.6  3.2   2.3 0.2180 0.3469 0.63
2.10  98.5  2.8   3.7 0.2600 0.2156 1.21
2.20  60.4  2.8   2.9 0.2500 0.2751 0.91
1.40  98.0  4.5   2.6 0.5880 0.3069 1.92
1.67  99.9  3.7   1.6 0.4470 0.4987 0.90
1.70  99.3  3.0   1.7 0.5210 0.4694 1.11
2.10  99.2  3.0   2.0 0.3150 0.3990 0.79
2.40 100.0  4.6   1.4 0.8780 0.5699 1.54
2.30 100.0 10.1  16.7 0.1120 0.0478 2.34
2.55  89.8  4.0   1.8 0.5690 0.4433 1.28
1.36  86.4  3.1   1.7 0.5170 0.4694 1.10
2.20  93.7  3.7   8.4 0.1920 0.0950 2.02
1.95  87.2  2.7   2.2 0.3140 0.3546 0.89
1.50  97.6  4.9   7.1 0.0870 0.1124 0.77
1.90  96.2  5.1   2.7 0.2790 0.2955 0.94
2.07  89.9  3.3   1.9 0.2700 0.4199 0.64
2.20  94.4  2.3   3.5 0.4250 0.2280 1.86
2.13  86.7  3.2   1.7 0.2500 0.4694 0.53
2.12  89.4  3.1   2.2 0.2430 0.3627 0.67
2.80  98.1  4.9   5.1 0.4450 0.1565 2.84
2.10  93.1  6.2   2.2 0.3400 0.3627 0.94
2.70  99.0  2.4   2.3 0.2700 0.3500 0.77
2.25 100.0  4.7   4.3 0.3830 0.1834 2.09
1.80  88.6 10.9   4.3 0.3990 0.1834 2.18
1.60  98.8  3.8   1.1 0.4330 0.7254 0.60
1.80  97.2  2.6   0.9 0.6110 0.8866 0.69
1.70  63.7  1.6   1.1 0.2290 0.7254 0.32
2.05  79.3  2.1   0.5 0.4150 1.6284 0.25
2.00  85.8  3.1   2.2 0.2050 0.3627 0.57
2.22  89.6  3.3   1.4 0.2750 0.5699 0.48
1.99  86.9  3.1   1.8 0.2320 0.4433 0.52
1.91  75.7  3.2   1.4 0.2950 0.5699 0.52
1.93  99.8  3.0   3.3 0.3200 0.2418 1.32
1.98  83.9  3.7   4.1 0.3820 0.1946 1.96
1.86  87.3  3.0   1.8 0.5860 0.4433 1.32
1.95  91.0  2.7   3.1 0.3330 0.2593 1.28
1.98  84.2  3.1   1.4 0.2760 0.5699 0.48
2.11  87.4  3.3   1.8 0.2400 0.4433 0.54
2.22  88.2  3.4   1.6 0.2540 0.4987 0.51
1.84  68.8  2.3   1.6 0.2390 0.4987 0.48
1.55  85.7  2.9   4.5 0.1500 0.1773 0.85
2.00  99.9  6.0   3.2 0.5530 0.2493 2.22
2.00  70.9  2.5   2.0 0.2440 0.3990 0.61
1.64  90.5  8.3   2.0 0.2440 0.3990 0.61
1.20  68.8  1.4   1.6 0.4500 0.5050 0.89
1.40  94.6  2.4   2.0 0.4200 0.3950 1.06
1.65  55.4  1.3   2.2 0.2800 0.3594 0.78
1.90  94.1  5.7   1.7 0.7620 0.4575 1.67
2.14  90.7  3.7   2.5 0.2060 0.3192 0.65
1.50  63.7  3.2   1.8 0.4640 0.4508 1.03
2.03  85.9  5.2   1.9 0.2870 0.4199 0.68
2.20  35.1  2.3   3.1 0.2220 0.2574 0.86
1.60  90.1  2.2   1.9 0.4400 0.4113 1.07
1.58  78.4  1.6   1.7 0.3940 0.4694 0.84
1.58  69.3  1.8   3.6 0.2210 0.2216 1.00
2.10  98.5  2.1   2.4 0.3570 0.3325 1.07
1.90  76.1  3.2   3.0 0.4000 0.2633 1.52
2.45  97.8  3.8   3.8 0.3650 0.2100 1.74
1.55  94.8  3.1   2.0 0.5640 0.3990 1.41
3.05  90.8  1.8   1.8 0.3910 0.4433 0.88
1.85  99.8  3.5   2.6 0.4930 0.3069 1.61
3.00  98.2 10.4   1.9 0.7950 0.4199 1.89
2.00  83.3  2.3   2.5 0.2930 0.3192 0.92
2.20  96.8  2.8   3.7 0.3000 0.2156 1.39
1.95  75.7  4.2   1.5 0.5270 0.5465 0.96
1.60  86.5  5.7   1.8 0.3980 0.4433 0.90
2.10  81.4  2.6   3.9 0.1750 0.2046 0.86
1.90  82.8  2.6   2.3 0.2840 0.3469 0.82
1.60  90.3  3.2   3.4 0.3370 0.2347 1.44
2.10  84.0  2.4   2.4 0.3020 0.3325 0.91
2.50  97.5  4.2   4.1 0.3090 0.1932 1.60
2.10  94.0  2.5   3.5 0.2610 0.2299 1.14
2.05  99.0  2.2   2.8 0.4590 0.2850 1.61
1.90  85.2  4.6   1.5 0.4950 0.5201 0.95
1.66  95.7  3.0   4.1 0.1810 0.1946 0.93
1.98  84.6  2.9   2.1 0.1900 0.3800 0.50
1.90  63.7  2.7   6.8 0.0960 0.1173 0.82
1.60  95.5  2.3   2.9 0.3760 0.2751 1.37
2.13  90.1  3.4   2.0 0.2240 0.3990 0.56
1.70  87.4  4.0   4.6 0.2810 0.1735 1.62
2.00 100.0  5.3   3.4 0.5010 0.2319 2.16
2.20  86.5  3.2   8.2 0.1130 0.0973 1.16
1.50  75.6  2.5   3.4 0.2610 0.2347 1.11
2.60 100.0  8.6   3.9 0.5450 0.2046 2.66
2.48 100.0  9.1   3.5 0.7490 0.2280 3.29
2.62  97.2  5.1   2.1 0.5420 0.3800 1.43
1.85  76.0  6.0   0.9 0.9000 0.9171 0.98
1.50  97.4  4.0   3.4 0.4070 0.2347 1.73
2.90  87.6  2.5   2.5 0.3400 0.3192 1.07
1.90  82.4  1.7   1.3 0.2620 0.6138 0.43
1.80  64.2  1.9   2.2 0.3800 0.3627 1.05
2.20  93.5  4.0   5.0 0.2470 0.1596 1.55
1.02  84.9  3.1   2.7 0.2510 0.2955 0.85
2.20  99.5  6.0   7.0 0.2460 0.1140 2.16
2.47  80.0  2.0   4.0 0.1800 0.1995 0.90
2.50  99.4  6.4   2.7 0.3720 0.2977 1.25
1.60  77.9  2.4   3.3 0.2220 0.2418 0.92
1.87  75.6  5.7   2.2 0.3690 0.3627 1.02
1.50 100.0  4.0   3.0 0.4210 0.2660 1.58
1.89 100.0  5.0   3.8 0.2970 0.2100 1.41
1.96  86.4  1.5   2.1 0.3180 0.3800 0.84
1.55  83.0  3.0   4.0 0.2650 0.1995 1.33
1.87  93.6  3.9   6.2 0.2200 0.1287 1.71
1.90  85.2  3.6   2.2 0.5580 0.3660 1.52
2.55 100.0  6.2   2.3 0.3240 0.3469 0.93
2.34  80.3  2.4   2.8 0.3720 0.2850 1.31
3.20  98.6  3.9   2.1 0.2860 0.3800 0.75
2.44  86.9  3.3   2.1 0.3950 0.3800 1.04
3.40  93.4 11.0   1.8 0.2890 0.4433 0.65
2.10  91.5  5.8   4.3 0.3960 0.1856 2.13
2.60  87.4  2.8   6.8 0.2160 0.1165 1.85
2.50  68.6  2.6   3.2 0.2640 0.2493 1.06
2.40  72.2  2.6   3.7 0.2530 0.2168 1.17
1.85  99.5  3.3   2.0 0.5780 0.3990 1.45
1.65  70.7  2.7   6.1 0.1750 0.1308 1.34
2.24  77.3  2.1   2.3 0.4500 0.3469 1.30
1.80  92.4  3.1   3.2 0.3480 0.2493 1.40
2.50  96.6 27.0  10.0 0.5800 0.0798 7.27
2.60  99.9  3.7   3.7 0.3100 0.2156 1.44
2.10  88.3  9.3   6.1 0.2800 0.1303 2.15
2.00 100.0  7.9   8.3 0.2830 0.0960 2.95
2.00  75.6  2.4   2.1 0.2020 0.3800 0.53
2.30  97.3  2.2   1.1 0.3690 0.7254 0.51
2.40  75.9  3.0   2.3 0.2910 0.3469 0.84
2.70  98.7  4.0   3.4 0.4100 0.2347 1.75
2.60 100.0  4.4   3.3 0.4070 0.2418 1.68
1.40  99.0  4.6   3.7 0.3990 0.2156 1.85
1.60  86.9  1.7   3.1 0.2260 0.2574 0.88
2.40  95.2  8.0   3.3 0.5890 0.2418 2.44
2.70 100.0  7.1   4.9 0.4460 0.1628 2.74
1.65 100.0  6.5   6.4 0.2460 0.1247 1.97
2.51  76.9  3.0   4.6 0.2310 0.1739 1.33
2.40   0.6  2.4   1.8 0.7060 0.4433 1.59
2.60  86.0  8.3  11.0 0.3300 0.0725 4.55
2.15 100.0  6.2   2.4 0.3840 0.3323 1.16
2.30  93.5  5.3   5.1 0.3160 0.1565 2.02
2.30  99.3  3.5   0.2 0.0556 3.6434 0.02
2.70  95.8  4.0   3.7 0.2970 0.2180 1.36
2.49  84.5  8.6   4.3 0.2980 0.1847 1.61
2.20  98.8  6.2   2.5 0.6200 0.3192 1.94
1.70  93.9  2.7   1.8 0.5300 0.4433 1.20
3.30  85.9  2.7   2.8 0.2410 0.2850 0.85
2.50  89.7  2.8   2.4 0.2940 0.3325 0.88
4.50  95.8  3.5   0.8 0.4890 0.9974 0.49
1.80  74.9  2.5   3.6 0.2350 0.2216 1.06
1.59  58.0  5.7   4.7 0.2110 0.1698 1.24
1.40  90.6  3.4   3.5 0.3730 0.2286 1.63
2.80  92.1  3.0   1.0 0.6500 0.7979 0.81
2.80  82.8  2.2   2.1 0.3200 0.3800 0.84
2.22  87.1  3.3   2.1 0.2220 0.3800 0.58
2.75  94.9  3.9   1.5 0.3010 0.5319 0.57
2.12  86.1  3.0   1.1 0.2960 0.7254 0.41
2.11  88.5  3.3   1.6 0.2730 0.4987 0.55
2.29  97.3  3.8   9.6 0.1870 0.0831 2.25
2.74  81.0  5.2   3.4 0.3700 0.2347 1.58
2.25  70.8  2.2   1.8 0.3930 0.4433 0.89
2.00  61.2  4.0   1.6 0.8180 0.4987 1.64
2.06  56.0  0.8   0.9 0.2897 0.8461 0.34
2.40  87.2  2.2   2.7 0.3400 0.2955 1.15
2.10  98.7  3.7   4.0 0.3300 0.1995 1.65
1.80  99.9  4.0   6.2 0.1800 0.1287 1.40
2.10  84.6  2.6   2.1 0.3800 0.3800 1.00
1.55  83.4  3.4   6.9 0.5200 0.1156 4.50
1.80  98.3  4.2   2.6 0.4700 0.3069 1.53
2.70  68.9  2.1   3.1 0.0300 0.2574 0.12
1.80 100.0  7.3   3.3 0.5480 0.2418 2.27
1.60  93.5  3.1   3.0 0.4000 0.2660 1.50
1.80  87.3  2.3   3.1 0.2200 0.2574 0.85
2.10  99.9  3.1   2.5 0.3600 0.3192 1.13
2.20  95.8  2.2   2.5 0.4000 0.3192 1.25
1.88  99.8  5.5   2.2 0.7400 0.3627 2.04
1.80 100.0  5.8   3.0 0.6700 0.2660 2.52
1.79  79.1  3.9   1.7 0.4000 0.4694 0.85
4.00  94.3  4.0   1.3 0.8200 0.6138 1.34
2.05  78.2  1.2   2.5 0.2900 0.3192 0.91
1.96  99.8 21.0   2.3 0.3200 0.3469 0.92
3.00  99.8  4.7   4.3 0.3000 0.1856 1.62
1.71  99.9 21.6   1.9 0.3500 0.4199 0.83
0.97  87.0  3.1   5.0 0.1900 0.1596 1.19
2.30  99.5 13.0   3.8 0.5300 0.2100 2.52
1.77  99.9  4.4   2.0 0.7400 0.3990 1.85
1.64  79.4  4.1   2.4 0.4800 0.3325 1.44
1.40  97.2  4.4   1.9 0.6700 0.4199 1.60
1.69  88.1  3.2   1.9 0.4400 0.4199 1.05
1.46  84.8  2.0   2.0 0.4600 0.3990 1.15
2.40  99.7  3.6   2.1 0.5800 0.3800 1.53
1.97  99.9  9.9   1.1 0.5500 0.7254 0.76
1.80  98.7  4.9   3.6 0.1800 0.2216 0.81
1.50  98.3  4.7   5.3 0.2600 0.1505 1.73
2.50  97.1  2.3   4.7 0.2400 0.1698 1.41
1.80  85.9  2.0   3.5 0.2500 0.2280 1.10
2.30  95.8  3.5   1.6 0.5100 0.4987 1.02
1.90  99.9  7.2   4.3 0.0400 0.1856 0.22
2.40  99.0  5.2   1.8 0.3700 0.4433 0.83
2.40 100.0  7.0   4.8 0.0300 0.1662 0.18
3.00  99.3  8.0   2.7 0.2500 0.2955 0.85
2.30  99.9  6.5   3.2 0.2200 0.2493 0.88
2.10  92.2  3.8   4.0 0.1800 0.1995 0.90
2.50  99.5  4.3   2.2 0.3200 0.3627 0.88
2.70  99.4  2.9   1.2 0.5600 0.6649 0.84
2.30  94.1  1.8   2.5 0.0300 0.3192 0.09
2.40  96.3  2.8   4.5 0.1700 0.1777 0.96
1.80  99.2  3.5   1.8 0.4200 0.4433 0.95
2.20  96.5  2.0   1.2 0.4000 0.6649 0.60
2.60  99.1  3.4  29.0 0.0300 0.0275 1.09
1.70  90.0  7.5   2.6 0.6500 0.3069 2.12
2.10  60.4  2.6   2.3 0.3700 0.3469 1.07
2.80  99.3  3.6   2.3 0.2900 0.3469 0.84
2.00  13.1  1.3   2.2 0.2300 0.3627 0.63
2.40 100.0  3.6   1.9 0.6900 0.4199 1.64
2.15 100.0  3.7   1.9 0.7300 0.4199 1.74
2.90  92.9  2.2   2.0 0.4100 0.3990 1.03
2.40  98.8  7.2   2.2 0.4400 0.3627 1.21
1.70  99.8  2.2   1.6 0.5100 0.4987 1.02
1.98  93.8  4.7   7.3 0.2100 0.1093 1.92
1.90  94.4  9.1   8.6 0.2000 0.0928 2.16
1.90  98.9  7.6   6.5 0.2200 0.1228 1.79
1.80  97.2  3.0   3.9 0.1800 0.2046 0.88
1.80  97.9  5.7   4.3 0.2500 0.1856 1.35
2.00  78.1  3.2   3.0 0.3200 0.2660 1.20
1.30  97.7  3.4   4.3 0.3100 0.1856 1.67
1.50  97.7  4.0   2.8 0.4700 0.2850 1.65
1.41  82.0  2.8   5.2 0.1800 0.1534 1.17
