    -1.0 0.000 0.000 0.000 0.000
     1.0 0.027 0.018 0.041 0.003
     3.0 0.061 0.041 0.094 0.008
     5.0 0.094 0.063 0.143 0.014
     7.0 0.127 0.085 0.190 0.022
     9.0 0.158 0.108 0.234 0.032
    11.0 0.191 0.128 0.275 0.044
    13.0 0.221 0.149 0.314 0.056
    15.0 0.251 0.171 0.335 0.087
    17.0 0.281 0.190 0.352 0.119
    19.0 0.311 0.211 0.373 0.149
    21.0 0.339 0.232 0.396 0.175
    23.0 0.368 0.253 0.420 0.201
    25.0 0.396 0.274 0.447 0.223
    27.0 0.423 0.294 0.472 0.245
    29.0 0.451 0.315 0.502 0.264
    31.0 0.475 0.335 0.529 0.282
    33.0 0.499 0.357 0.556 0.300
    35.0 0.523 0.377 0.584 0.316
    37.0 0.544 0.398 0.611 0.331
    39.0 0.566 0.419 0.637 0.348
    41.0 0.586 0.441 0.663 0.364
    43.0 0.606 0.462 0.688 0.380
    45.0 0.624 0.483 0.710 0.397
    47.0 0.641 0.503 0.732 0.412
    49.0 0.657 0.522 0.751 0.428
    51.0 0.672 0.543 0.769 0.446
    53.0 0.685 0.562 0.785 0.462
    55.0 0.700 0.580 0.800 0.480
    57.0 0.713 0.600 0.814 0.499
    59.0 0.725 0.618 0.826 0.517
    61.0 0.737 0.635 0.836 0.535
    63.0 0.749 0.652 0.847 0.555
    65.0 0.762 0.668 0.856 0.574
    67.0 0.774 0.683 0.864 0.592
    69.0 0.785 0.697 0.872 0.610
    71.0 0.797 0.709 0.878 0.628
    73.0 0.808 0.721 0.884 0.645
    75.0 0.818 0.731 0.888 0.661
    77.0 0.828 0.741 0.893 0.676
    79.0 0.838 0.750 0.896 0.691
    81.0 0.847 0.757 0.900 0.704
    83.0 0.854 0.763 0.902 0.716
    85.0 0.860 0.769 0.904 0.725
    87.0 0.866 0.774 0.906 0.734
    89.0 0.870 0.780 0.907 0.742
    91.0 0.873 0.784 0.908 0.749
    93.0 0.876 0.788 0.909 0.755
    95.0 0.879 0.793 0.910 0.762
    97.0 0.881 0.797 0.911 0.767
    99.0 0.883 0.801 0.911 0.773
   101.0 0.884 0.805 0.912 0.777
   103.0 0.885 0.810 0.912 0.782
   105.0 0.886 0.814 0.913 0.788
   107.0 0.887 0.818 0.913 0.792
   109.0 0.888 0.822 0.913 0.797
   111.0 0.889 0.826 0.914 0.801
   113.0 0.890 0.831 0.914 0.806
   115.0 0.890 0.834 0.914 0.811
   117.0 0.891 0.839 0.914 0.816
   119.0 0.892 0.844 0.915 0.821
   121.0 0.892 0.848 0.915 0.826
   123.0 0.893 0.852 0.915 0.830
   125.0 0.893 0.857 0.915 0.835
   127.0 0.894 0.861 0.916 0.839
   129.0 0.895 0.865 0.916 0.844
   131.0 0.895 0.869 0.916 0.848
   133.0 0.895 0.873 0.916 0.852
   135.0 0.895 0.877 0.916 0.855
   137.0 0.896 0.880 0.917 0.859
   139.0 0.896 0.883 0.917 0.862
   141.0 0.896 0.885 0.917 0.865
   143.0 0.897 0.887 0.917 0.866
   145.0 0.897 0.888 0.918 0.867
   147.0 0.898 0.889 0.918 0.869
   149.0 0.898 0.890 0.918 0.870
   151.0 0.898 0.891 0.919 0.871
   153.0 0.899 0.892 0.919 0.872
   155.0 0.900 0.894 0.919 0.874
   157.0 0.900 0.895 0.920 0.875
   159.0 0.900 0.896 0.920 0.877
   161.0 0.901 0.898 0.921 0.879
   163.0 0.902 0.900 0.921 0.880
   165.0 0.903 0.901 0.921 0.882
   167.0 0.903 0.902 0.922 0.883
   169.0 0.904 0.903 0.922 0.885
   171.0 0.905 0.904 0.922 0.886
   173.0 0.905 0.905 0.923 0.887
   175.0 0.906 0.906 0.923 0.888
   177.0 0.906 0.906 0.924 0.889
   179.0 0.907 0.907 0.924 0.890
   181.0 0.907 0.907 0.924 0.890
   183.0 0.908 0.908 0.925 0.891
   185.0 0.908 0.909 0.925 0.892
   187.0 0.909 0.909 0.925 0.893
   189.0 0.909 0.910 0.926 0.893
   191.0 0.910 0.911 0.927 0.894
   193.0 0.910 0.911 0.927 0.895
   195.0 0.911 0.912 0.927 0.895
   197.0 0.912 0.913 0.928 0.896
   199.0 0.912 0.913 0.928 0.897
   201.0 0.913 0.914 0.929 0.898
   203.0 0.913 0.915 0.929 0.899
   205.0 0.914 0.915 0.930 0.900
   207.0 0.915 0.916 0.930 0.901
   209.0 0.916 0.917 0.930 0.902
   211.0 0.916 0.918 0.931 0.903
   213.0 0.917 0.918 0.931 0.903
   215.0 0.917 0.918 0.932 0.904
   217.0 0.918 0.919 0.932 0.904
   219.0 0.918 0.920 0.933 0.905
   221.0 0.920 0.920 0.933 0.907
   223.0 0.921 0.921 0.933 0.909
   225.0 0.923 0.921 0.934 0.911
   227.0 0.926 0.922 0.935 0.913
   229.0 0.929 0.924 0.938 0.915
   231.0 0.933 0.926 0.942 0.917
   233.0 0.936 0.929 0.945 0.919
   235.0 0.939 0.931 0.948 0.922
   237.0 0.942 0.935 0.952 0.925
   239.0 0.945 0.938 0.954 0.929
   241.0 0.947 0.942 0.957 0.932
   243.0 0.950 0.944 0.959 0.934
   245.0 0.951 0.947 0.961 0.937
   247.0 0.953 0.950 0.963 0.940
   249.0 0.955 0.952 0.965 0.942
   251.0 0.957 0.954 0.967 0.944
   253.0 0.958 0.956 0.968 0.946
   255.0 0.959 0.958 0.970 0.948
   257.0 0.960 0.960 0.971 0.949
   259.0 0.961 0.961 0.971 0.951
   261.0 0.962 0.962 0.973 0.952
   263.0 0.964 0.964 0.974 0.954
   265.0 0.965 0.965 0.975 0.955
   267.0 0.966 0.965 0.975 0.956
   269.0 0.966 0.966 0.976 0.956
   271.0 0.967 0.966 0.976 0.957
   273.0 0.967 0.967 0.977 0.957
   275.0 0.968 0.967 0.977 0.958
   277.0 0.969 0.967 0.977 0.958
   279.0 0.969 0.968 0.978 0.959
   281.0 0.970 0.968 0.978 0.960
   283.0 0.971 0.968 0.978 0.960
   285.0 0.971 0.969 0.979 0.961
   287.0 0.972 0.969 0.979 0.961
   289.0 0.972 0.969 0.979 0.962
   291.0 0.972 0.969 0.980 0.962
   293.0 0.973 0.969 0.980 0.962
   295.0 0.973 0.969 0.980 0.962
   297.0 0.973 0.969 0.980 0.963
   299.0 0.973 0.969 0.980 0.963
   301.0 0.974 0.969 0.980 0.963
   303.0 0.974 0.969 0.980 0.963
   305.0 0.974 0.969 0.980 0.963
   307.0 0.974 0.969 0.980 0.963
   309.0 0.974 0.970 0.981 0.963
   311.0 0.975 0.970 0.981 0.964
   313.0 0.975 0.970 0.981 0.964
   315.0 0.975 0.970 0.981 0.964
   317.0 0.975 0.970 0.981 0.964
   319.0 0.975 0.970 0.981 0.964
   321.0 0.976 0.970 0.981 0.965
   323.0 0.976 0.970 0.981 0.965
   325.0 0.976 0.970 0.981 0.965
   327.0 0.976 0.970 0.981 0.965
   329.0 0.976 0.971 0.981 0.965
   331.0 0.976 0.971 0.981 0.965
   333.0 0.976 0.971 0.981 0.965
   335.0 0.976 0.971 0.982 0.965
   337.0 0.977 0.971 0.982 0.965
   339.0 0.977 0.971 0.982 0.966
   341.0 0.977 0.971 0.982 0.966
   343.0 0.977 0.971 0.982 0.966
   345.0 0.977 0.971 0.982 0.966
   347.0 0.977 0.972 0.983 0.966
   349.0 0.978 0.972 0.983 0.967
   351.0 0.978 0.972 0.983 0.967
   353.0 0.978 0.972 0.983 0.967
   355.0 0.978 0.972 0.983 0.967
   357.0 0.978 0.973 0.983 0.968
   359.0 0.978 0.973 0.983 0.968
   361.0 0.978 0.973 0.983 0.968
   363.0 0.978 0.973 0.983 0.968
   365.0 0.978 0.973 0.983 0.968
   367.0 0.978 0.973 0.984 0.968
   369.0 0.978 0.973 0.984 0.968
   371.0 0.979 0.973 0.984 0.968
   373.0 0.979 0.974 0.984 0.969
   375.0 0.979 0.974 0.984 0.969
   377.0 0.979 0.974 0.984 0.969
   379.0 0.979 0.974 0.984 0.969
   381.0 0.979 0.974 0.984 0.969
   383.0 0.979 0.974 0.984 0.969
   385.0 0.979 0.975 0.984 0.970
   387.0 0.979 0.975 0.984 0.970
   389.0 0.979 0.975 0.984 0.970
   391.0 0.979 0.975 0.984 0.970
   393.0 0.979 0.975 0.984 0.971
   395.0 0.979 0.975 0.984 0.971
   397.0 0.980 0.976 0.984 0.971
   399.0 0.980 0.976 0.984 0.971
   401.0 0.980 0.976 0.984 0.971
   403.0 0.980 0.976 0.984 0.971
   405.0 0.980 0.976 0.985 0.972
   407.0 0.980 0.976 0.985 0.972
   409.0 0.980 0.977 0.985 0.972
   411.0 0.980 0.977 0.985 0.972
   413.0 0.980 0.977 0.985 0.972
   415.0 0.980 0.977 0.985 0.972
   417.0 0.980 0.977 0.985 0.972
   419.0 0.980 0.977 0.985 0.972
   421.0 0.980 0.977 0.985 0.972
   423.0 0.980 0.977 0.985 0.973
   425.0 0.981 0.977 0.985 0.973
   427.0 0.981 0.977 0.985 0.973
   429.0 0.981 0.978 0.985 0.973
   431.0 0.981 0.978 0.985 0.973
   433.0 0.981 0.978 0.985 0.973
   435.0 0.981 0.978 0.985 0.973
   437.0 0.981 0.978 0.985 0.973
   439.0 0.981 0.978 0.985 0.974
   441.0 0.981 0.978 0.985 0.974
   443.0 0.981 0.978 0.986 0.974
   445.0 0.981 0.979 0.986 0.974
   447.0 0.981 0.979 0.986 0.974
   449.0 0.981 0.979 0.986 0.974
   451.0 0.981 0.979 0.986 0.974
   453.0 0.981 0.979 0.986 0.974
   455.0 0.981 0.979 0.986 0.974
   457.0 0.981 0.979 0.986 0.974
   459.0 0.981 0.979 0.986 0.974
   461.0 0.981 0.979 0.986 0.974
   463.0 0.981 0.979 0.986 0.975
   465.0 0.982 0.979 0.986 0.975
   467.0 0.982 0.979 0.986 0.975
   469.0 0.982 0.979 0.986 0.975
   471.0 0.982 0.979 0.986 0.975
   473.0 0.982 0.979 0.986 0.975
   475.0 0.982 0.979 0.986 0.975
   477.0 0.982 0.980 0.986 0.975
   479.0 0.982 0.980 0.986 0.975
   481.0 0.982 0.980 0.986 0.975
   483.0 0.982 0.980 0.986 0.976
   485.0 0.982 0.980 0.986 0.976
   487.0 0.982 0.980 0.986 0.976
   489.0 0.983 0.980 0.986 0.976
   491.0 0.983 0.980 0.987 0.976
   493.0 0.983 0.980 0.987 0.976
   495.0 0.983 0.980 0.987 0.976
   497.0 0.983 0.980 0.987 0.976
   499.0 0.983 0.980 0.987 0.977
   501.0 0.983 0.981 0.987 0.977
   503.0 0.983 0.981 0.987 0.977
   505.0 0.983 0.981 0.987 0.977
   507.0 0.983 0.981 0.987 0.977
   509.0 0.983 0.981 0.987 0.977
   511.0 0.983 0.981 0.987 0.977
   513.0 0.984 0.981 0.987 0.978
   515.0 0.984 0.981 0.987 0.978
   517.0 0.984 0.982 0.987 0.978
   519.0 0.984 0.982 0.987 0.978
   521.0 0.984 0.982 0.987 0.978
   523.0 0.984 0.982 0.988 0.978
   525.0 0.984 0.982 0.988 0.979
   527.0 0.984 0.982 0.988 0.979
   529.0 0.984 0.982 0.988 0.979
   531.0 0.984 0.982 0.988 0.979
   533.0 0.984 0.982 0.988 0.979
   535.0 0.984 0.982 0.988 0.979
   537.0 0.984 0.983 0.988 0.979
   539.0 0.984 0.983 0.988 0.979
   541.0 0.985 0.983 0.988 0.979
   543.0 0.985 0.983 0.988 0.979
   545.0 0.985 0.983 0.988 0.979
   547.0 0.985 0.983 0.988 0.980
   549.0 0.985 0.983 0.988 0.980
   551.0 0.985 0.983 0.988 0.980
   553.0 0.985 0.983 0.988 0.980
   555.0 0.985 0.983 0.988 0.980
   557.0 0.985 0.983 0.988 0.980
   559.0 0.985 0.983 0.988 0.980
   561.0 0.985 0.984 0.988 0.980
   563.0 0.985 0.984 0.988 0.981
   565.0 0.985 0.984 0.988 0.981
   567.0 0.985 0.984 0.988 0.981
   569.0 0.985 0.984 0.988 0.981
   571.0 0.985 0.984 0.988 0.981
   573.0 0.985 0.984 0.988 0.981
   575.0 0.985 0.984 0.988 0.981
   577.0 0.986 0.984 0.989 0.982
   579.0 0.986 0.984 0.989 0.982
   581.0 0.986 0.985 0.989 0.982
   583.0 0.986 0.985 0.989 0.982
   585.0 0.986 0.985 0.989 0.982
   587.0 0.987 0.985 0.989 0.982
   589.0 0.987 0.985 0.989 0.982
   591.0 0.987 0.985 0.989 0.983
   593.0 0.987 0.985 0.989 0.983
   595.0 0.987 0.985 0.989 0.983
   597.0 0.987 0.985 0.990 0.983
   599.0 0.987 0.985 0.990 0.983
   601.0 0.988 0.986 0.990 0.983
   603.0 0.988 0.986 0.990 0.983
   605.0 0.988 0.986 0.990 0.983
   607.0 0.988 0.986 0.990 0.984
   609.0 0.988 0.986 0.990 0.984
   611.0 0.988 0.986 0.990 0.984
   613.0 0.988 0.986 0.990 0.984
   615.0 0.988 0.986 0.990 0.984
   617.0 0.988 0.986 0.990 0.984
   619.0 0.988 0.986 0.990 0.984
   621.0 0.988 0.986 0.990 0.985
   623.0 0.988 0.986 0.990 0.985
   625.0 0.989 0.986 0.990 0.985
   627.0 0.989 0.986 0.990 0.985
   629.0 0.989 0.986 0.990 0.985
   631.0 0.989 0.987 0.990 0.985
   633.0 0.989 0.987 0.990 0.985
   635.0 0.989 0.987 0.990 0.985
   637.0 0.989 0.987 0.991 0.985
   639.0 0.989 0.987 0.991 0.985
   641.0 0.989 0.987 0.991 0.985
   643.0 0.989 0.987 0.991 0.986
   645.0 0.989 0.988 0.991 0.986
   647.0 0.989 0.988 0.991 0.986
   649.0 0.989 0.988 0.991 0.986
   651.0 0.989 0.988 0.991 0.986
   653.0 0.989 0.988 0.991 0.986
   655.0 0.989 0.988 0.991 0.986
   657.0 0.989 0.988 0.991 0.986
   659.0 0.989 0.988 0.991 0.986
   661.0 0.989 0.988 0.991 0.986
   663.0 0.989 0.988 0.991 0.986
   665.0 0.990 0.988 0.992 0.987
   667.0 0.990 0.988 0.992 0.987
   669.0 0.990 0.989 0.992 0.987
   671.0 0.990 0.989 0.992 0.987
   673.0 0.990 0.989 0.992 0.987
   675.0 0.990 0.989 0.992 0.987
   677.0 0.990 0.989 0.992 0.987
   679.0 0.990 0.989 0.992 0.987
   681.0 0.990 0.989 0.992 0.987
   683.0 0.990 0.989 0.992 0.987
   685.0 0.990 0.989 0.992 0.987
   687.0 0.990 0.989 0.992 0.987
   689.0 0.990 0.989 0.992 0.987
   691.0 0.990 0.989 0.992 0.987
   693.0 0.990 0.989 0.992 0.988
   695.0 0.990 0.989 0.992 0.988
   697.0 0.991 0.989 0.992 0.988
   699.0 0.991 0.989 0.992 0.988
   701.0 0.991 0.989 0.993 0.988
   703.0 0.991 0.989 0.993 0.988
   705.0 0.991 0.989 0.993 0.988
   707.0 0.991 0.990 0.993 0.988
   709.0 0.991 0.990 0.993 0.988
   711.0 0.991 0.990 0.993 0.988
   713.0 0.991 0.990 0.993 0.988
   715.0 0.991 0.990 0.993 0.988
   717.0 0.991 0.990 0.993 0.988
   719.0 0.991 0.990 0.993 0.988
   721.0 0.991 0.990 0.993 0.988
   723.0 0.991 0.990 0.993 0.988
   725.0 0.991 0.990 0.993 0.988
   727.0 0.991 0.990 0.993 0.988
   729.0 0.991 0.990 0.993 0.988
   731.0 0.991 0.990 0.993 0.988
   733.0 0.991 0.990 0.993 0.988
   735.0 0.991 0.990 0.993 0.989
   737.0 0.992 0.990 0.993 0.989
   739.0 0.992 0.990 0.993 0.989
   741.0 0.992 0.990 0.993 0.989
   743.0 0.992 0.990 0.993 0.989
   745.0 0.992 0.990 0.993 0.989
   747.0 0.992 0.990 0.993 0.989
   749.0 0.992 0.990 0.993 0.989
   751.0 0.992 0.990 0.993 0.989
   753.0 0.992 0.991 0.994 0.989
   755.0 0.992 0.991 0.994 0.989
   757.0 0.992 0.991 0.994 0.989
   759.0 0.992 0.991 0.994 0.989
   761.0 0.992 0.991 0.994 0.989
   763.0 0.992 0.991 0.994 0.989
   765.0 0.992 0.991 0.994 0.989
   767.0 0.993 0.991 0.994 0.989
   769.0 0.993 0.991 0.994 0.989
   771.0 0.993 0.991 0.994 0.990
   773.0 0.993 0.991 0.994 0.990
   775.0 0.993 0.991 0.994 0.990
   777.0 0.993 0.991 0.994 0.990
   779.0 0.993 0.991 0.994 0.990
   781.0 0.993 0.991 0.994 0.990
   783.0 0.993 0.991 0.994 0.990
   785.0 0.993 0.991 0.994 0.990
   787.0 0.993 0.991 0.994 0.990
   789.0 0.993 0.991 0.994 0.990
   791.0 0.993 0.991 0.994 0.990
   793.0 0.993 0.991 0.994 0.990
   795.0 0.993 0.992 0.994 0.990
   797.0 0.993 0.992 0.994 0.990
   799.0 0.993 0.992 0.994 0.990
   801.0 0.993 0.992 0.994 0.990
   803.0 0.993 0.992 0.994 0.990
   805.0 0.993 0.992 0.994 0.990
   807.0 0.993 0.992 0.994 0.990
   809.0 0.993 0.992 0.994 0.991
   811.0 0.993 0.992 0.994 0.991
   813.0 0.993 0.992 0.994 0.991
   815.0 0.993 0.992 0.994 0.991
   817.0 0.993 0.992 0.994 0.991
   819.0 0.993 0.992 0.994 0.991
   821.0 0.993 0.992 0.994 0.991
   823.0 0.993 0.992 0.994 0.991
   825.0 0.993 0.992 0.994 0.991
   827.0 0.993 0.992 0.994 0.991
   829.0 0.993 0.992 0.994 0.991
   831.0 0.993 0.992 0.995 0.991
   833.0 0.993 0.992 0.995 0.991
   835.0 0.993 0.992 0.995 0.991
   837.0 0.993 0.992 0.995 0.991
   839.0 0.993 0.992 0.995 0.991
   841.0 0.993 0.992 0.995 0.991
   843.0 0.994 0.992 0.995 0.991
   845.0 0.994 0.993 0.995 0.991
   847.0 0.994 0.993 0.995 0.991
   849.0 0.994 0.993 0.995 0.991
   851.0 0.994 0.993 0.995 0.991
   853.0 0.994 0.993 0.995 0.991
   855.0 0.994 0.993 0.995 0.991
   857.0 0.994 0.993 0.995 0.991
   859.0 0.994 0.993 0.995 0.992
   861.0 0.994 0.993 0.995 0.992
   863.0 0.994 0.993 0.995 0.992
   865.0 0.994 0.993 0.995 0.992
   867.0 0.994 0.993 0.995 0.992
   869.0 0.994 0.993 0.995 0.992
   871.0 0.994 0.993 0.995 0.992
   873.0 0.994 0.993 0.995 0.992
   875.0 0.994 0.993 0.995 0.992
   877.0 0.994 0.993 0.995 0.992
   879.0 0.994 0.993 0.995 0.992
   881.0 0.994 0.993 0.995 0.992
   883.0 0.994 0.993 0.995 0.992
   885.0 0.994 0.993 0.995 0.992
   887.0 0.994 0.993 0.995 0.992
   889.0 0.994 0.993 0.995 0.992
   891.0 0.994 0.993 0.995 0.992
   893.0 0.994 0.993 0.995 0.992
   895.0 0.994 0.993 0.995 0.992
   897.0 0.994 0.993 0.995 0.992
   899.0 0.994 0.993 0.995 0.992
   901.0 0.994 0.994 0.995 0.992
   903.0 0.994 0.994 0.995 0.992
   905.0 0.994 0.994 0.995 0.992
   907.0 0.994 0.994 0.995 0.993
   909.0 0.994 0.994 0.995 0.993
   911.0 0.994 0.994 0.995 0.993
   913.0 0.994 0.994 0.995 0.993
   915.0 0.994 0.994 0.995 0.993
   917.0 0.994 0.994 0.995 0.993
   919.0 0.994 0.994 0.995 0.993
   921.0 0.994 0.994 0.995 0.993
   923.0 0.994 0.994 0.995 0.993
   925.0 0.994 0.994 0.995 0.993
   927.0 0.995 0.994 0.995 0.993
   929.0 0.995 0.994 0.995 0.993
   931.0 0.995 0.994 0.995 0.993
   933.0 0.995 0.994 0.995 0.993
   935.0 0.995 0.994 0.995 0.993
   937.0 0.995 0.994 0.995 0.993
   939.0 0.995 0.994 0.996 0.993
   941.0 0.995 0.994 0.996 0.993
   943.0 0.995 0.994 0.996 0.993
   945.0 0.995 0.994 0.996 0.993
   947.0 0.995 0.994 0.996 0.993
   949.0 0.995 0.994 0.996 0.993
   951.0 0.995 0.994 0.996 0.993
   953.0 0.995 0.994 0.996 0.993
   955.0 0.995 0.994 0.996 0.993
   957.0 0.995 0.994 0.996 0.993
   959.0 0.995 0.994 0.996 0.993
   961.0 0.995 0.994 0.996 0.993
   963.0 0.995 0.994 0.996 0.994
   965.0 0.995 0.994 0.996 0.994
   967.0 0.995 0.994 0.996 0.994
   969.0 0.995 0.994 0.996 0.994
   971.0 0.995 0.994 0.996 0.994
   973.0 0.995 0.994 0.996 0.994
   975.0 0.995 0.994 0.996 0.994
   977.0 0.995 0.995 0.996 0.994
   979.0 0.995 0.995 0.996 0.994
   981.0 0.995 0.995 0.996 0.994
   983.0 0.995 0.995 0.996 0.994
   985.0 0.995 0.995 0.996 0.994
   987.0 0.995 0.995 0.996 0.994
   989.0 0.995 0.995 0.996 0.994
   991.0 0.995 0.995 0.996 0.994
   993.0 0.995 0.995 0.996 0.994
   995.0 0.995 0.995 0.996 0.994
   997.0 0.995 0.995 0.996 0.994
   999.0 0.996 0.995 0.996 0.994
  1001.0 0.996 0.995 0.996 0.994
  1003.0 0.996 0.995 0.997 0.994
  1005.0 0.996 0.995 0.997 0.994
  1007.0 0.996 0.995 0.997 0.994
  1009.0 0.996 0.995 0.997 0.994
  1011.0 0.996 0.995 0.997 0.994
  1013.0 0.996 0.995 0.997 0.994
  1015.0 0.996 0.995 0.997 0.994
  1017.0 0.996 0.995 0.997 0.994
  1019.0 0.996 0.995 0.997 0.994
  1021.0 0.996 0.995 0.997 0.994
  1023.0 0.996 0.995 0.997 0.994
  1025.0 0.996 0.995 0.997 0.994
  1027.0 0.996 0.995 0.997 0.995
  1029.0 0.996 0.995 0.997 0.995
  1031.0 0.996 0.995 0.997 0.995
  1033.0 0.996 0.995 0.997 0.995
  1035.0 0.996 0.995 0.997 0.995
  1037.0 0.996 0.995 0.997 0.995
  1039.0 0.996 0.995 0.997 0.995
  1041.0 0.996 0.995 0.997 0.995
  1043.0 0.996 0.995 0.997 0.995
  1045.0 0.996 0.995 0.997 0.995
  1047.0 0.996 0.995 0.997 0.995
  1049.0 0.996 0.995 0.997 0.995
  1051.0 0.996 0.995 0.997 0.995
  1053.0 0.997 0.995 0.997 0.995
  1055.0 0.997 0.995 0.997 0.995
  1057.0 0.997 0.996 0.997 0.995
  1059.0 0.997 0.996 0.997 0.995
  1061.0 0.997 0.996 0.997 0.995
  1063.0 0.997 0.996 0.997 0.995
  1065.0 0.997 0.996 0.997 0.995
  1067.0 0.997 0.996 0.997 0.995
  1069.0 0.997 0.996 0.997 0.995
  1071.0 0.997 0.996 0.997 0.995
  1073.0 0.997 0.996 0.997 0.995
  1075.0 0.997 0.996 0.997 0.995
  1077.0 0.997 0.996 0.997 0.995
  1079.0 0.997 0.996 0.997 0.995
  1081.0 0.997 0.996 0.997 0.995
  1083.0 0.997 0.996 0.997 0.995
  1085.0 0.997 0.996 0.997 0.995
  1087.0 0.997 0.996 0.997 0.995
  1089.0 0.997 0.996 0.997 0.995
  1091.0 0.997 0.996 0.997 0.996
  1093.0 0.997 0.996 0.997 0.996
  1095.0 0.997 0.996 0.997 0.996
  1097.0 0.997 0.996 0.997 0.996
  1099.0 0.997 0.996 0.997 0.996
  1101.0 0.997 0.996 0.997 0.996
  1103.0 0.997 0.996 0.997 0.996
  1105.0 0.997 0.996 0.997 0.996
  1107.0 0.997 0.996 0.997 0.996
  1109.0 0.997 0.996 0.997 0.996
  1111.0 0.997 0.996 0.997 0.996
  1113.0 0.997 0.996 0.997 0.996
  1115.0 0.997 0.996 0.997 0.996
  1117.0 0.997 0.996 0.997 0.996
  1119.0 0.997 0.996 0.997 0.996
  1121.0 0.997 0.996 0.997 0.996
  1123.0 0.997 0.996 0.997 0.996
  1125.0 0.997 0.996 0.997 0.996
  1127.0 0.997 0.996 0.997 0.996
  1129.0 0.997 0.996 0.997 0.996
  1131.0 0.997 0.996 0.997 0.996
  1133.0 0.997 0.996 0.997 0.996
  1135.0 0.997 0.996 0.997 0.996
  1137.0 0.997 0.996 0.997 0.996
  1139.0 0.997 0.996 0.997 0.996
  1141.0 0.997 0.997 0.997 0.996
  1143.0 0.997 0.997 0.997 0.996
  1145.0 0.997 0.997 0.997 0.996
  1147.0 0.997 0.997 0.997 0.996
  1149.0 0.997 0.997 0.997 0.996
  1151.0 0.997 0.997 0.997 0.996
  1153.0 0.997 0.997 0.997 0.996
  1155.0 0.997 0.997 0.997 0.996
  1157.0 0.997 0.997 0.997 0.996
  1159.0 0.997 0.997 0.997 0.996
  1161.0 0.997 0.997 0.997 0.996
  1163.0 0.997 0.997 0.997 0.996
  1165.0 0.997 0.997 0.997 0.996
  1167.0 0.997 0.997 0.997 0.996
  1169.0 0.997 0.997 0.997 0.996
  1171.0 0.997 0.997 0.997 0.996
  1173.0 0.997 0.997 0.997 0.996
  1175.0 0.997 0.997 0.997 0.996
  1177.0 0.997 0.997 0.997 0.996
  1179.0 0.997 0.997 0.998 0.996
  1181.0 0.997 0.997 0.998 0.996
  1183.0 0.997 0.997 0.998 0.996
  1185.0 0.997 0.997 0.998 0.996
  1187.0 0.997 0.997 0.998 0.996
  1189.0 0.997 0.997 0.998 0.996
  1191.0 0.997 0.997 0.998 0.996
  1193.0 0.997 0.997 0.998 0.996
  1195.0 0.997 0.997 0.998 0.996
  1197.0 0.997 0.997 0.998 0.996
  1199.0 0.997 0.997 0.998 0.996
  1201.0 0.997 0.997 0.998 0.996
  1203.0 0.997 0.997 0.998 0.996
  1205.0 0.997 0.997 0.998 0.996
  1207.0 0.997 0.997 0.998 0.996
  1209.0 0.997 0.997 0.998 0.996
  1211.0 0.997 0.997 0.998 0.996
  1213.0 0.997 0.997 0.998 0.997
  1215.0 0.997 0.997 0.998 0.997
  1217.0 0.997 0.997 0.998 0.997
  1219.0 0.997 0.997 0.998 0.997
  1221.0 0.997 0.997 0.998 0.997
  1223.0 0.997 0.997 0.998 0.997
  1225.0 0.997 0.997 0.998 0.997
  1227.0 0.997 0.997 0.998 0.997
  1229.0 0.997 0.997 0.998 0.997
  1231.0 0.997 0.997 0.998 0.997
  1233.0 0.997 0.997 0.998 0.997
  1235.0 0.997 0.997 0.998 0.997
  1237.0 0.997 0.997 0.998 0.997
  1239.0 0.997 0.997 0.998 0.997
  1241.0 0.997 0.997 0.998 0.997
  1243.0 0.997 0.997 0.998 0.997
  1245.0 0.997 0.997 0.998 0.997
  1247.0 0.997 0.997 0.998 0.997
  1249.0 0.997 0.997 0.998 0.997
  1251.0 0.997 0.997 0.998 0.997
  1253.0 0.997 0.997 0.998 0.997
  1255.0 0.997 0.997 0.998 0.997
  1257.0 0.997 0.997 0.998 0.997
  1259.0 0.997 0.997 0.998 0.997
  1261.0 0.997 0.997 0.998 0.997
  1263.0 0.997 0.997 0.998 0.997
  1265.0 0.997 0.997 0.998 0.997
  1267.0 0.997 0.997 0.998 0.997
  1269.0 0.997 0.997 0.998 0.997
  1271.0 0.997 0.997 0.998 0.997
  1273.0 0.997 0.997 0.998 0.997
  1275.0 0.997 0.997 0.998 0.997
  1277.0 0.997 0.997 0.998 0.997
  1279.0 0.997 0.997 0.998 0.997
  1281.0 0.997 0.997 0.998 0.997
  1283.0 0.997 0.997 0.998 0.997
  1285.0 0.997 0.997 0.998 0.997
  1287.0 0.997 0.997 0.998 0.997
  1289.0 0.997 0.997 0.998 0.997
  1291.0 0.997 0.997 0.998 0.997
  1293.0 0.998 0.997 0.998 0.997
  1295.0 0.998 0.997 0.998 0.997
  1297.0 0.998 0.997 0.998 0.997
  1299.0 0.998 0.997 0.998 0.997
  1301.0 0.998 0.997 0.998 0.997
  1303.0 0.998 0.997 0.998 0.997
  1305.0 0.998 0.997 0.998 0.997
  1307.0 0.998 0.997 0.998 0.997
  1309.0 0.998 0.997 0.998 0.997
  1311.0 0.998 0.997 0.998 0.997
  1313.0 0.998 0.997 0.998 0.997
  1315.0 0.998 0.997 0.998 0.997
  1317.0 0.998 0.997 0.998 0.997
  1319.0 0.998 0.997 0.998 0.997
  1321.0 0.998 0.997 0.998 0.997
  1323.0 0.998 0.998 0.998 0.997
  1325.0 0.998 0.998 0.998 0.997
  1327.0 0.998 0.998 0.998 0.997
  1329.0 0.998 0.998 0.998 0.997
  1331.0 0.998 0.998 0.998 0.997
  1333.0 0.998 0.998 0.998 0.998
  1335.0 0.998 0.998 0.998 0.998
  1337.0 0.998 0.998 0.998 0.998
  1339.0 0.998 0.998 0.998 0.998
  1341.0 0.998 0.998 0.998 0.998
  1343.0 0.998 0.998 0.998 0.998
  1345.0 0.998 0.998 0.998 0.998
  1347.0 0.998 0.998 0.998 0.998
  1349.0 0.998 0.998 0.998 0.998
  1351.0 0.998 0.998 0.998 0.998
  1353.0 0.998 0.998 0.998 0.998
  1355.0 0.998 0.998 0.998 0.998
  1357.0 0.998 0.998 0.998 0.998
  1359.0 0.998 0.998 0.999 0.998
  1361.0 0.998 0.998 0.999 0.998
  1363.0 0.998 0.998 0.999 0.998
  1365.0 0.998 0.998 0.999 0.998
  1367.0 0.998 0.998 0.999 0.998
  1369.0 0.998 0.998 0.999 0.998
  1371.0 0.998 0.998 0.999 0.998
  1373.0 0.998 0.998 0.999 0.998
  1375.0 0.998 0.998 0.999 0.998
  1377.0 0.998 0.998 0.999 0.998
  1379.0 0.998 0.998 0.999 0.998
  1381.0 0.998 0.998 0.999 0.998
  1383.0 0.998 0.998 0.999 0.998
  1385.0 0.999 0.998 0.999 0.998
  1387.0 0.999 0.998 0.999 0.998
  1389.0 0.999 0.998 0.999 0.998
  1391.0 0.999 0.998 0.999 0.998
  1393.0 0.999 0.998 0.999 0.998
  1395.0 0.999 0.998 0.999 0.998
  1397.0 0.999 0.998 0.999 0.998
  1399.0 0.999 0.998 0.999 0.998
  1401.0 0.999 0.998 0.999 0.998
  1403.0 0.999 0.998 0.999 0.998
  1405.0 0.999 0.998 0.999 0.998
  1407.0 0.999 0.998 0.999 0.998
  1409.0 0.999 0.998 0.999 0.998
  1411.0 0.999 0.998 0.999 0.998
  1413.0 0.999 0.998 0.999 0.998
  1415.0 0.999 0.998 0.999 0.998
  1417.0 0.999 0.998 0.999 0.998
  1419.0 0.999 0.998 0.999 0.998
  1421.0 0.999 0.998 0.999 0.998
  1423.0 0.999 0.998 0.999 0.998
  1425.0 0.999 0.998 0.999 0.998
  1427.0 0.999 0.998 0.999 0.998
  1429.0 0.999 0.999 0.999 0.998
  1431.0 0.999 0.999 0.999 0.998
  1433.0 0.999 0.999 0.999 0.998
  1435.0 0.999 0.999 0.999 0.998
  1437.0 0.999 0.999 0.999 0.998
  1439.0 0.999 0.999 0.999 0.998
  1441.0 0.999 0.999 0.999 0.998
  1443.0 0.999 0.999 0.999 0.998
  1445.0 0.999 0.999 0.999 0.998
  1447.0 0.999 0.999 0.999 0.998
  1449.0 0.999 0.999 0.999 0.998
  1451.0 0.999 0.999 0.999 0.998
  1453.0 0.999 0.999 0.999 0.998
  1455.0 0.999 0.999 0.999 0.998
  1457.0 0.999 0.999 0.999 0.998
  1459.0 0.999 0.999 0.999 0.998
  1461.0 0.999 0.999 0.999 0.998
  1463.0 0.999 0.999 0.999 0.998
  1465.0 0.999 0.999 0.999 0.998
  1467.0 0.999 0.999 0.999 0.998
  1469.0 0.999 0.999 0.999 0.998
  1471.0 0.999 0.999 0.999 0.998
  1473.0 0.999 0.999 0.999 0.998
  1475.0 0.999 0.999 0.999 0.998
  1477.0 0.999 0.999 0.999 0.998
  1479.0 0.999 0.999 0.999 0.998
  1481.0 0.999 0.999 0.999 0.998
  1483.0 0.999 0.999 0.999 0.998
  1485.0 0.999 0.999 0.999 0.998
  1487.0 0.999 0.999 0.999 0.998
  1489.0 0.999 0.999 0.999 0.998
  1491.0 0.999 0.999 0.999 0.998
  1493.0 0.999 0.999 0.999 0.999
  1495.0 0.999 0.999 0.999 0.999
  1497.0 0.999 0.999 0.999 0.999
  1499.0 0.999 0.999 0.999 0.999
  1501.0 0.999 0.999 0.999 0.999
  1503.0 0.999 0.999 0.999 0.999
  1505.0 0.999 0.999 0.999 0.999
  1507.0 0.999 0.999 0.999 0.999
  1509.0 0.999 0.999 0.999 0.999
  1511.0 0.999 0.999 0.999 0.999
  1513.0 0.999 0.999 0.999 0.999
  1515.0 0.999 0.999 0.999 0.999
  1517.0 0.999 0.999 0.999 0.999
  1519.0 0.999 0.999 0.999 0.999
  1521.0 0.999 0.999 0.999 0.999
  1523.0 0.999 0.999 0.999 0.999
  1525.0 0.999 0.999 0.999 0.999
  1527.0 0.999 0.999 0.999 0.999
  1529.0 0.999 0.999 0.999 0.999
  1531.0 0.999 0.999 0.999 0.999
  1533.0 0.999 0.999 0.999 0.999
  1535.0 0.999 0.999 0.999 0.999
  1537.0 0.999 0.999 0.999 0.999
  1539.0 0.999 0.999 0.999 0.999
  1541.0 0.999 0.999 0.999 0.999
  1543.0 0.999 0.999 0.999 0.999
  1545.0 0.999 0.999 0.999 0.999
  1547.0 0.999 0.999 0.999 0.999
  1549.0 0.999 0.999 0.999 0.999
  1551.0 0.999 0.999 0.999 0.999
  1553.0 0.999 0.999 0.999 0.999
  1555.0 0.999 0.999 0.999 0.999
  1557.0 0.999 0.999 0.999 0.999
  1559.0 0.999 0.999 0.999 0.999
  1561.0 0.999 0.999 0.999 0.999
  1563.0 0.999 0.999 0.999 0.999
  1565.0 0.999 0.999 0.999 0.999
  1567.0 0.999 0.999 0.999 0.999
  1569.0 0.999 0.999 0.999 0.999
  1571.0 0.999 0.999 0.999 0.999
  1573.0 0.999 0.999 0.999 0.999
  1575.0 0.999 0.999 0.999 0.999
  1577.0 0.999 0.999 0.999 0.999
  1579.0 0.999 0.999 0.999 0.999
  1581.0 0.999 0.999 0.999 0.999
  1583.0 0.999 0.999 0.999 0.999
  1585.0 0.999 0.999 0.999 0.999
  1587.0 0.999 0.999 0.999 0.999
  1589.0 0.999 0.999 0.999 0.999
  1591.0 0.999 0.999 0.999 0.999
  1593.0 0.999 0.999 0.999 0.999
  1595.0 0.999 0.999 0.999 0.999
  1597.0 0.999 0.999 0.999 0.999
  1599.0 0.999 0.999 0.999 0.999
  1601.0 0.999 0.999 0.999 0.999
  1603.0 0.999 0.999 0.999 0.999
  1605.0 0.999 0.999 0.999 0.999
  1607.0 0.999 0.999 0.999 0.999
  1609.0 0.999 0.999 0.999 0.999
  1611.0 0.999 0.999 0.999 0.999
  1613.0 0.999 0.999 0.999 0.999
  1615.0 0.999 0.999 0.999 0.999
  1617.0 0.999 0.999 0.999 0.999
  1619.0 0.999 0.999 0.999 0.999
  1621.0 0.999 0.999 0.999 0.999
  1623.0 0.999 0.999 0.999 0.999
  1625.0 0.999 0.999 0.999 0.999
  1627.0 0.999 0.999 0.999 0.999
  1629.0 0.999 0.999 0.999 0.999
  1631.0 0.999 0.999 0.999 0.999
  1633.0 0.999 0.999 0.999 0.999
  1635.0 0.999 0.999 0.999 0.999
  1637.0 0.999 0.999 0.999 0.999
  1639.0 0.999 0.999 0.999 0.999
  1641.0 0.999 0.999 0.999 0.999
  1643.0 0.999 0.999 0.999 0.999
  1645.0 0.999 0.999 0.999 0.999
  1647.0 0.999 0.999 0.999 0.999
  1649.0 0.999 0.999 0.999 0.999
  1651.0 0.999 0.999 0.999 0.999
  1653.0 0.999 0.999 0.999 0.999
  1655.0 0.999 0.999 0.999 0.999
  1657.0 0.999 0.999 0.999 0.999
  1659.0 0.999 0.999 0.999 0.999
  1661.0 0.999 0.999 0.999 0.999
  1663.0 0.999 0.999 0.999 0.999
  1665.0 0.999 0.999 0.999 0.999
  1667.0 0.999 0.999 0.999 0.999
  1669.0 0.999 0.999 0.999 0.999
  1671.0 0.999 0.999 0.999 0.999
  1673.0 0.999 0.999 0.999 0.999
  1675.0 0.999 0.999 0.999 0.999
  1677.0 0.999 0.999 0.999 0.999
  1679.0 0.999 0.999 0.999 0.999
  1681.0 0.999 0.999 0.999 0.999
  1683.0 0.999 0.999 0.999 0.999
  1685.0 0.999 0.999 0.999 0.999
  1687.0 0.999 0.999 0.999 0.999
  1689.0 0.999 0.999 0.999 0.999
  1691.0 0.999 0.999 0.999 0.999
  1693.0 0.999 0.999 0.999 0.999
  1695.0 0.999 0.999 0.999 0.999
  1697.0 0.999 0.999 0.999 0.999
  1699.0 0.999 0.999 0.999 0.999
  1701.0 0.999 0.999 0.999 0.999
  1703.0 0.999 0.999 0.999 0.999
  1705.0 0.999 0.999 0.999 0.999
  1707.0 0.999 0.999 0.999 0.999
  1709.0 0.999 0.999 0.999 0.999
  1711.0 0.999 0.999 0.999 0.999
  1713.0 0.999 0.999 0.999 0.999
  1715.0 0.999 0.999 0.999 0.999
  1717.0 0.999 0.999 0.999 0.999
  1719.0 0.999 0.999 0.999 0.999
  1721.0 0.999 0.999 0.999 0.999
  1723.0 0.999 0.999 0.999 0.999
  1725.0 0.999 0.999 0.999 0.999
  1727.0 0.999 0.999 0.999 0.999
  1729.0 0.999 0.999 0.999 0.999
  1731.0 0.999 0.999 0.999 0.999
  1733.0 0.999 0.999 0.999 0.999
  1735.0 0.999 0.999 0.999 0.999
  1737.0 0.999 0.999 0.999 0.999
  1739.0 0.999 0.999 0.999 0.999
  1741.0 0.999 0.999 0.999 0.999
  1743.0 0.999 0.999 0.999 0.999
  1745.0 0.999 0.999 0.999 0.999
  1747.0 0.999 0.999 0.999 0.999
  1749.0 0.999 0.999 0.999 0.999
  1751.0 0.999 0.999 0.999 0.999
  1753.0 0.999 0.999 0.999 0.999
  1755.0 0.999 0.999 0.999 0.999
  1757.0 0.999 0.999 0.999 0.999
  1759.0 0.999 0.999 0.999 0.999
  1761.0 0.999 0.999 0.999 0.999
  1763.0 0.999 0.999 0.999 0.999
  1765.0 0.999 0.999 0.999 0.999
  1767.0 0.999 0.999 0.999 0.999
  1769.0 0.999 0.999 0.999 0.999
  1771.0 0.999 0.999 0.999 0.999
  1773.0 0.999 0.999 0.999 0.999
  1775.0 0.999 0.999 0.999 0.999
  1777.0 0.999 0.999 0.999 0.999
  1779.0 0.999 0.999 0.999 0.999
  1781.0 0.999 0.999 0.999 0.999
  1783.0 0.999 0.999 0.999 0.999
  1785.0 0.999 0.999 0.999 0.999
  1787.0 0.999 0.999 0.999 0.999
  1789.0 0.999 0.999 0.999 0.999
  1791.0 0.999 0.999 0.999 0.999
  1793.0 0.999 0.999 0.999 0.999
  1795.0 0.999 0.999 0.999 0.999
  1797.0 0.999 0.999 0.999 0.999
  1799.0 0.999 0.999 0.999 0.999
  1801.0 0.999 0.999 0.999 0.999
  1803.0 0.999 0.999 0.999 0.999
  1805.0 0.999 0.999 0.999 0.999
  1807.0 0.999 0.999 0.999 0.999
  1809.0 0.999 0.999 0.999 0.999
  1811.0 0.999 0.999 0.999 0.999
  1813.0 0.999 0.999 0.999 0.999
  1815.0 0.999 0.999 0.999 0.999
  1817.0 0.999 0.999 0.999 0.999
  1819.0 0.999 0.999 0.999 0.999
  1821.0 0.999 0.999 0.999 0.999
  1823.0 0.999 0.999 0.999 0.999
  1825.0 0.999 0.999 0.999 0.999
  1827.0 0.999 0.999 0.999 0.999
  1829.0 0.999 0.999 0.999 0.999
  1831.0 0.999 0.999 0.999 0.999
  1833.0 0.999 0.999 0.999 0.999
  1835.0 0.999 0.999 0.999 0.999
  1837.0 0.999 0.999 0.999 0.999
  1839.0 0.999 0.999 0.999 0.999
  1841.0 0.999 0.999 0.999 0.999
  1843.0 0.999 0.999 0.999 0.999
  1845.0 0.999 0.999 0.999 0.999
  1847.0 0.999 0.999 0.999 0.999
  1849.0 0.999 0.999 0.999 0.999
  1851.0 0.999 0.999 0.999 0.999
  1853.0 0.999 0.999 0.999 0.999
  1855.0 0.999 0.999 0.999 0.999
  1857.0 0.999 0.999 0.999 0.999
  1859.0 0.999 0.999 0.999 0.999
  1861.0 0.999 0.999 0.999 0.999
  1863.0 0.999 0.999 0.999 0.999
  1865.0 0.999 0.999 0.999 0.999
  1867.0 0.999 0.999 0.999 0.999
  1869.0 0.999 0.999 0.999 0.999
  1871.0 0.999 0.999 0.999 0.999
  1873.0 0.999 0.999 0.999 0.999
  1875.0 0.999 0.999 0.999 0.999
  1877.0 0.999 0.999 0.999 0.999
  1879.0 0.999 0.999 0.999 0.999
  1881.0 0.999 0.999 0.999 0.999
  1883.0 0.999 0.999 0.999 0.999
  1885.0 0.999 0.999 0.999 0.999
  1887.0 0.999 0.999 0.999 0.999
  1889.0 0.999 0.999 0.999 0.999
  1891.0 0.999 0.999 0.999 0.999
  1893.0 0.999 0.999 0.999 0.999
  1895.0 0.999 0.999 0.999 0.999
  1897.0 0.999 0.999 0.999 0.999
  1899.0 0.999 0.999 0.999 0.999
  1901.0 0.999 0.999 0.999 0.999
  1903.0 0.999 0.999 0.999 0.999
  1905.0 0.999 0.999 0.999 0.999
  1907.0 0.999 0.999 0.999 0.999
  1909.0 0.999 0.999 0.999 0.999
  1911.0 0.999 0.999 0.999 0.999
  1913.0 0.999 0.999 0.999 0.999
  1915.0 0.999 0.999 0.999 0.999
  1917.0 0.999 0.999 0.999 0.999
  1919.0 0.999 0.999 0.999 0.999
  1921.0 0.999 0.999 0.999 0.999
  1923.0 0.999 0.999 0.999 0.999
  1925.0 0.999 0.999 0.999 0.999
  1927.0 0.999 0.999 0.999 0.999
  1929.0 0.999 0.999 0.999 0.999
  1931.0 0.999 0.999 0.999 0.999
  1933.0 0.999 0.999 0.999 0.999
  1935.0 0.999 0.999 0.999 0.999
  1937.0 0.999 0.999 0.999 0.999
  1939.0 0.999 0.999 0.999 0.999
  1941.0 0.999 0.999 0.999 0.999
  1943.0 0.999 0.999 0.999 0.999
  1945.0 0.999 0.999 0.999 0.999
  1947.0 0.999 0.999 0.999 0.999
  1949.0 0.999 0.999 0.999 0.999
  1951.0 0.999 0.999 0.999 0.999
  1953.0 0.999 0.999 0.999 0.999
  1955.0 0.999 0.999 0.999 0.999
  1957.0 0.999 0.999 0.999 0.999
  1959.0 0.999 0.999 0.999 0.999
  1961.0 0.999 0.999 0.999 0.999
  1963.0 0.999 0.999 0.999 0.999
  1965.0 0.999 0.999 0.999 0.999
  1967.0 0.999 0.999 0.999 0.999
  1969.0 0.999 0.999 0.999 0.999
  1971.0 0.999 0.999 0.999 0.999
  1973.0 0.999 0.999 0.999 0.999
  1975.0 0.999 0.999 0.999 0.999
  1977.0 0.999 0.999 0.999 0.999
  1979.0 0.999 0.999 0.999 0.999
  1981.0 0.999 0.999 0.999 0.999
  1983.0 0.999 0.999 0.999 0.999
  1985.0 0.999 0.999 0.999 0.999
  1987.0 0.999 0.999 0.999 0.999
  1989.0 0.999 0.999 0.999 0.999
  1991.0 0.999 0.999 0.999 0.999
  1993.0 0.999 0.999 0.999 0.999
  1995.0 0.999 0.999 0.999 0.999
  1997.0 0.999 0.999 0.999 0.999
  1999.0 0.999 0.999 0.999 0.999
  2001.0 0.999 0.999 0.999 0.999
  2003.0 0.999 0.999 0.999 0.999
  2005.0 0.999 0.999 0.999 0.999
  2007.0 0.999 0.999 0.999 0.999
  2009.0 0.999 0.999 0.999 0.999
  2011.0 0.999 0.999 0.999 0.999
  2013.0 0.999 0.999 0.999 0.999
  2015.0 0.999 0.999 0.999 0.999
  2017.0 0.999 0.999 0.999 0.999
  2019.0 0.999 0.999 0.999 0.999
  2021.0 0.999 0.999 0.999 0.999
  2023.0 0.999 0.999 0.999 0.999
  2025.0 0.999 0.999 0.999 0.999
  2027.0 0.999 0.999 0.999 0.999
  2029.0 0.999 0.999 0.999 0.999
  2031.0 0.999 0.999 0.999 0.999
  2033.0 0.999 0.999 0.999 0.999
  2035.0 0.999 0.999 0.999 0.999
  2037.0 0.999 0.999 0.999 0.999
  2039.0 0.999 0.999 0.999 0.999
  2041.0 0.999 0.999 0.999 0.999
  2043.0 0.999 0.999 0.999 0.999
  2045.0 0.999 0.999 0.999 0.999
  2047.0 0.999 0.999 0.999 0.999
  2049.0 0.999 0.999 0.999 0.999
  2051.0 0.999 0.999 0.999 0.999
  2053.0 0.999 0.999 0.999 0.999
  2055.0 0.999 0.999 0.999 0.999
  2057.0 0.999 0.999 0.999 0.999
  2059.0 0.999 0.999 0.999 0.999
  2061.0 0.999 0.999 0.999 0.999
  2063.0 0.999 0.999 0.999 0.999
  2065.0 0.999 0.999 0.999 0.999
  2067.0 0.999 0.999 0.999 0.999
  2069.0 0.999 0.999 0.999 0.999
  2071.0 0.999 0.999 0.999 0.999
  2073.0 0.999 0.999 0.999 0.999
  2075.0 0.999 0.999 0.999 0.999
  2077.0 0.999 0.999 0.999 0.999
  2079.0 0.999 0.999 0.999 0.999
  2081.0 0.999 0.999 0.999 0.999
  2083.0 0.999 0.999 0.999 0.999
  2085.0 0.999 0.999 0.999 0.999
  2087.0 0.999 0.999 0.999 0.999
  2089.0 0.999 0.999 0.999 0.999
  2091.0 0.999 0.999 0.999 0.999
  2093.0 0.999 0.999 0.999 0.999
  2095.0 0.999 0.999 0.999 0.999
  2097.0 0.999 0.999 0.999 0.999
  2099.0 0.999 0.999 0.999 0.999
  2101.0 0.999 0.999 0.999 0.999
  2103.0 0.999 0.999 0.999 0.999
  2105.0 0.999 0.999 0.999 0.999
  2107.0 0.999 0.999 0.999 0.999
  2109.0 0.999 0.999 0.999 0.999
  2111.0 0.999 0.999 0.999 0.999
  2113.0 0.999 0.999 0.999 0.999
  2115.0 0.999 0.999 0.999 0.999
  2117.0 0.999 0.999 0.999 0.999
  2119.0 0.999 0.999 0.999 0.999
  2121.0 0.999 0.999 0.999 0.999
  2123.0 0.999 0.999 0.999 0.999
  2125.0 0.999 0.999 0.999 0.999
  2127.0 0.999 0.999 0.999 0.999
  2129.0 0.999 0.999 0.999 0.999
  2131.0 0.999 0.999 0.999 0.999
  2133.0 0.999 0.999 0.999 0.999
  2135.0 0.999 0.999 0.999 0.999
  2137.0 0.999 0.999 0.999 0.999
  2139.0 0.999 0.999 0.999 0.999
  2141.0 0.999 0.999 0.999 0.999
  2143.0 0.999 0.999 0.999 0.999
  2145.0 0.999 0.999 0.999 0.999
  2147.0 0.999 0.999 0.999 0.999
  2149.0 0.999 0.999 0.999 0.999
  2151.0 0.999 0.999 0.999 0.999
  2153.0 0.999 0.999 0.999 0.999
  2155.0 0.999 0.999 0.999 0.999
  2157.0 0.999 0.999 0.999 0.999
  2159.0 0.999 0.999 0.999 0.999
  2161.0 0.999 0.999 0.999 0.999
  2163.0 0.999 0.999 0.999 0.999
  2165.0 0.999 0.999 0.999 0.999
  2167.0 0.999 0.999 0.999 0.999
  2169.0 0.999 0.999 0.999 0.999
  2171.0 0.999 0.999 0.999 0.999
  2173.0 0.999 0.999 0.999 0.999
  2175.0 0.999 0.999 0.999 0.999
  2177.0 0.999 0.999 0.999 0.999
  2179.0 0.999 0.999 0.999 0.999
  2181.0 0.999 0.999 0.999 0.999
  2183.0 0.999 0.999 0.999 0.999
  2185.0 0.999 0.999 0.999 0.999
  2187.0 0.999 0.999 0.999 0.999
  2189.0 0.999 0.999 0.999 0.999
  2191.0 0.999 0.999 0.999 0.999
  2193.0 0.999 0.999 0.999 0.999
  2195.0 0.999 0.999 0.999 0.999
  2197.0 0.999 0.999 0.999 0.999
  2199.0 0.999 0.999 0.999 0.999
  2201.0 0.999 0.999 0.999 0.999
  2203.0 0.999 0.999 0.999 0.999
  2205.0 0.999 0.999 0.999 0.999
  2207.0 0.999 0.999 0.999 0.999
  2209.0 0.999 0.999 0.999 0.999
  2211.0 0.999 0.999 0.999 0.999
  2213.0 0.999 0.999 0.999 0.999
  2215.0 0.999 0.999 0.999 0.999
  2217.0 0.999 0.999 0.999 0.999
  2219.0 0.999 0.999 0.999 0.999
  2221.0 0.999 0.999 0.999 0.999
  2223.0 0.999 0.999 0.999 0.999
  2225.0 0.999 0.999 0.999 0.999
  2227.0 0.999 0.999 0.999 0.999
  2229.0 0.999 0.999 0.999 0.999
  2231.0 0.999 0.999 0.999 0.999
  2233.0 0.999 0.999 0.999 0.999
  2235.0 0.999 0.999 0.999 0.999
  2237.0 0.999 0.999 0.999 0.999
  2239.0 0.999 0.999 0.999 0.999
  2241.0 0.999 0.999 0.999 0.999
  2243.0 0.999 0.999 0.999 0.999
  2245.0 0.999 0.999 0.999 0.999
  2247.0 0.999 0.999 0.999 0.999
  2249.0 0.999 0.999 0.999 0.999
  2251.0 0.999 0.999 0.999 0.999
  2253.0 0.999 0.999 0.999 0.999
  2255.0 0.999 0.999 0.999 0.999
  2257.0 0.999 0.999 0.999 0.999
  2259.0 0.999 0.999 0.999 0.999
  2261.0 0.999 0.999 0.999 0.999
  2263.0 0.999 0.999 0.999 0.999
  2265.0 0.999 0.999 0.999 0.999
  2267.0 0.999 0.999 0.999 0.999
  2269.0 0.999 0.999 0.999 0.999
  2271.0 0.999 0.999 0.999 0.999
  2273.0 0.999 0.999 0.999 0.999
  2275.0 0.999 0.999 0.999 0.999
  2277.0 0.999 0.999 0.999 0.999
  2279.0 0.999 0.999 0.999 0.999
  2281.0 0.999 0.999 0.999 0.999
  2283.0 0.999 0.999 0.999 0.999
  2285.0 0.999 0.999 0.999 0.999
  2287.0 0.999 0.999 0.999 0.999
  2289.0 0.999 0.999 0.999 0.999
  2291.0 0.999 0.999 0.999 0.999
  2293.0 0.999 0.999 0.999 0.999
  2295.0 0.999 0.999 0.999 0.999
  2297.0 0.999 0.999 0.999 0.999
  2299.0 0.999 0.999 0.999 0.999
  2301.0 0.999 0.999 0.999 0.999
  2303.0 0.999 0.999 0.999 0.999
  2305.0 0.999 0.999 0.999 0.999
  2307.0 0.999 0.999 0.999 0.999
  2309.0 0.999 0.999 0.999 0.999
  2311.0 0.999 0.999 0.999 0.999
  2313.0 0.999 0.999 0.999 0.999
  2315.0 0.999 0.999 0.999 0.999
  2317.0 0.999 0.999 0.999 0.999
  2319.0 0.999 0.999 0.999 0.999
  2321.0 0.999 0.999 0.999 0.999
  2323.0 0.999 0.999 0.999 0.999
  2325.0 0.999 0.999 0.999 0.999
  2327.0 0.999 0.999 0.999 0.999
  2329.0 0.999 0.999 0.999 0.999
  2331.0 0.999 0.999 0.999 0.999
  2333.0 0.999 0.999 0.999 0.999
  2335.0 0.999 0.999 0.999 0.999
  2337.0 0.999 0.999 0.999 0.999
  2339.0 0.999 0.999 0.999 0.999
  2341.0 0.999 0.999 0.999 0.999
  2343.0 0.999 0.999 0.999 0.999
  2345.0 0.999 0.999 0.999 0.999
  2347.0 0.999 0.999 0.999 0.999
  2349.0 0.999 0.999 0.999 0.999
  2351.0 0.999 0.999 0.999 0.999
  2353.0 0.999 0.999 0.999 0.999
  2355.0 0.999 0.999 0.999 0.999
  2357.0 0.999 0.999 0.999 0.999
  2359.0 0.999 0.999 0.999 0.999
  2361.0 0.999 0.999 0.999 0.999
  2363.0 0.999 0.999 0.999 0.999
  2365.0 0.999 0.999 0.999 0.999
  2367.0 0.999 0.999 0.999 0.999
  2369.0 0.999 0.999 0.999 0.999
  2371.0 0.999 0.999 0.999 0.999
  2373.0 0.999 0.999 0.999 0.999
  2375.0 0.999 0.999 0.999 0.999
  2377.0 0.999 0.999 0.999 0.999
  2379.0 0.999 0.999 0.999 0.999
  2381.0 0.999 0.999 0.999 0.999
  2383.0 0.999 0.999 0.999 0.999
  2385.0 0.999 0.999 0.999 0.999
  2387.0 0.999 0.999 0.999 0.999
  2389.0 0.999 0.999 0.999 0.999
  2391.0 0.999 0.999 0.999 0.999
  2393.0 0.999 0.999 0.999 0.999
  2395.0 0.999 0.999 0.999 0.999
  2397.0 0.999 0.999 0.999 0.999
  2399.0 0.999 0.999 0.999 0.999
  2401.0 0.999 0.999 0.999 0.999
  2403.0 0.999 0.999 0.999 0.999
  2405.0 0.999 0.999 0.999 0.999
  2407.0 0.999 0.999 0.999 0.999
  2409.0 0.999 0.999 0.999 0.999
  2411.0 0.999 0.999 0.999 0.999
  2413.0 0.999 0.999 0.999 0.999
  2415.0 0.999 0.999 0.999 0.999
  2417.0 0.999 0.999 0.999 0.999
  2419.0 0.999 0.999 0.999 0.999
  2421.0 0.999 0.999 0.999 0.999
  2423.0 0.999 0.999 0.999 0.999
  2425.0 0.999 0.999 0.999 0.999
  2427.0 0.999 0.999 0.999 0.999
  2429.0 0.999 0.999 0.999 0.999
  2431.0 0.999 0.999 0.999 0.999
  2433.0 0.999 0.999 0.999 0.999
  2435.0 0.999 0.999 0.999 0.999
  2437.0 0.999 0.999 0.999 0.999
  2439.0 0.999 0.999 0.999 0.999
  2441.0 0.999 0.999 0.999 0.999
  2443.0 0.999 0.999 0.999 0.999
  2445.0 0.999 0.999 0.999 0.999
  2447.0 0.999 0.999 0.999 0.999
  2449.0 0.999 0.999 0.999 0.999
  2451.0 0.999 0.999 0.999 0.999
  2453.0 0.999 0.999 0.999 0.999
  2455.0 0.999 0.999 0.999 0.999
  2457.0 0.999 0.999 0.999 0.999
  2459.0 0.999 0.999 0.999 0.999
  2461.0 0.999 0.999 0.999 0.999
  2463.0 0.999 0.999 0.999 0.999
  2465.0 0.999 0.999 0.999 0.999
  2467.0 0.999 0.999 0.999 0.999
  2469.0 0.999 0.999 0.999 0.999
  2471.0 0.999 0.999 0.999 0.999
  2473.0 0.999 0.999 0.999 0.999
  2475.0 0.999 0.999 0.999 0.999
  2477.0 0.999 0.999 0.999 0.999
  2479.0 0.999 0.999 0.999 0.999
  2481.0 0.999 0.999 0.999 0.999
  2483.0 0.999 0.999 0.999 0.999
  2485.0 0.999 0.999 0.999 0.999
  2487.0 0.999 0.999 0.999 0.999
  2489.0 0.999 0.999 0.999 0.999
  2491.0 0.999 0.999 0.999 0.999
  2493.0 0.999 0.999 0.999 0.999
  2495.0 0.999 0.999 0.999 0.999
  2497.0 0.999 0.999 0.999 0.999
  2499.0 0.999 0.999 0.999 0.999
  2501.0 0.999 0.999 0.999 0.999
  2503.0 0.999 0.999 0.999 0.999
  2505.0 0.999 0.999 0.999 0.999
  2507.0 0.999 0.999 0.999 0.999
  2509.0 0.999 0.999 0.999 0.999
  2511.0 0.999 0.999 0.999 0.999
  2513.0 0.999 0.999 0.999 0.999
  2515.0 0.999 0.999 0.999 0.999
  2517.0 0.999 0.999 0.999 0.999
  2519.0 0.999 0.999 0.999 0.999
  2521.0 0.999 0.999 0.999 0.999
  2523.0 0.999 0.999 0.999 0.999
  2525.0 0.999 0.999 0.999 0.999
  2527.0 0.999 0.999 0.999 0.999
  2529.0 0.999 0.999 0.999 0.999
  2531.0 0.999 0.999 0.999 0.999
  2533.0 0.999 0.999 0.999 0.999
  2535.0 0.999 0.999 0.999 0.999
  2537.0 0.999 0.999 0.999 0.999
  2539.0 0.999 0.999 0.999 0.999
  2541.0 0.999 0.999 0.999 0.999
  2543.0 0.999 0.999 0.999 0.999
  2545.0 0.999 0.999 0.999 0.999
  2547.0 0.999 0.999 0.999 0.999
  2549.0 0.999 0.999 0.999 0.999
  2551.0 0.999 0.999 0.999 0.999
  2553.0 0.999 0.999 0.999 0.999
  2555.0 0.999 0.999 0.999 0.999
  2557.0 0.999 0.999 0.999 0.999
  2559.0 0.999 0.999 0.999 0.999
  2561.0 0.999 0.999 0.999 0.999
  2563.0 0.999 0.999 0.999 0.999
  2565.0 0.999 0.999 0.999 0.999
  2567.0 0.999 0.999 0.999 0.999
  2569.0 0.999 0.999 0.999 0.999
  2571.0 0.999 0.999 0.999 0.999
  2573.0 0.999 0.999 0.999 0.999
  2575.0 0.999 0.999 0.999 0.999
  2577.0 0.999 0.999 0.999 0.999
  2579.0 0.999 0.999 0.999 0.999
  2581.0 0.999 0.999 0.999 0.999
  2583.0 0.999 0.999 0.999 0.999
  2585.0 0.999 0.999 0.999 0.999
  2587.0 0.999 0.999 0.999 0.999
  2589.0 0.999 0.999 0.999 0.999
  2591.0 0.999 0.999 0.999 0.999
  2593.0 0.999 0.999 0.999 0.999
  2595.0 0.999 0.999 0.999 0.999
  2597.0 0.999 0.999 0.999 0.999
  2599.0 0.999 0.999 0.999 0.999
  2601.0 0.999 0.999 0.999 0.999
  2603.0 0.999 0.999 0.999 0.999
  2605.0 0.999 0.999 0.999 0.999
  2607.0 0.999 0.999 0.999 0.999
  2609.0 0.999 0.999 0.999 0.999
  2611.0 0.999 0.999 0.999 0.999
  2613.0 0.999 0.999 0.999 0.999
  2615.0 0.999 0.999 0.999 0.999
  2617.0 0.999 0.999 0.999 0.999
  2619.0 0.999 0.999 0.999 0.999
  2621.0 0.999 0.999 0.999 0.999
  2623.0 0.999 0.999 0.999 0.999
  2625.0 0.999 0.999 0.999 0.999
  2627.0 0.999 0.999 0.999 0.999
  2629.0 0.999 0.999 0.999 0.999
  2631.0 0.999 0.999 0.999 0.999
  2633.0 0.999 0.999 0.999 0.999
  2635.0 0.999 0.999 0.999 0.999
  2637.0 0.999 0.999 0.999 0.999
  2639.0 0.999 0.999 0.999 0.999
  2641.0 0.999 0.999 0.999 0.999
  2643.0 0.999 0.999 0.999 0.999
  2645.0 0.999 0.999 0.999 0.999
  2647.0 0.999 0.999 0.999 0.999
  2649.0 0.999 0.999 0.999 0.999
  2651.0 0.999 0.999 0.999 0.999
  2653.0 0.999 0.999 0.999 0.999
  2655.0 0.999 0.999 0.999 0.999
  2657.0 0.999 0.999 0.999 0.999
  2659.0 0.999 0.999 0.999 0.999
  2661.0 0.999 0.999 0.999 0.999
  2663.0 0.999 0.999 0.999 0.999
  2665.0 0.999 0.999 0.999 0.999
  2667.0 0.999 0.999 0.999 0.999
  2669.0 0.999 0.999 0.999 0.999
  2671.0 0.999 0.999 0.999 0.999
  2673.0 0.999 0.999 0.999 0.999
  2675.0 0.999 0.999 0.999 0.999
  2677.0 0.999 0.999 0.999 0.999
  2679.0 0.999 0.999 0.999 0.999
  2681.0 0.999 0.999 0.999 0.999
  2683.0 0.999 0.999 0.999 0.999
  2685.0 0.999 0.999 0.999 0.999
  2687.0 0.999 0.999 0.999 0.999
  2689.0 0.999 0.999 0.999 0.999
  2691.0 0.999 0.999 0.999 0.999
  2693.0 0.999 0.999 0.999 0.999
  2695.0 0.999 0.999 0.999 0.999
  2697.0 0.999 0.999 0.999 0.999
  2699.0 0.999 0.999 0.999 0.999
  2701.0 0.999 0.999 0.999 0.999
  2703.0 0.999 0.999 0.999 0.999
  2705.0 0.999 0.999 0.999 0.999
  2707.0 0.999 0.999 0.999 0.999
  2709.0 0.999 0.999 0.999 0.999
  2711.0 0.999 0.999 0.999 0.999
  2713.0 0.999 0.999 0.999 0.999
  2715.0 0.999 0.999 0.999 0.999
  2717.0 0.999 0.999 0.999 0.999
  2719.0 0.999 0.999 0.999 0.999
  2721.0 0.999 0.999 0.999 0.999
  2723.0 0.999 0.999 0.999 0.999
  2725.0 0.999 0.999 0.999 0.999
  2727.0 0.999 0.999 0.999 0.999
  2729.0 0.999 0.999 0.999 0.999
  2731.0 0.999 0.999 0.999 0.999
  2733.0 0.999 0.999 0.999 0.999
  2735.0 0.999 0.999 0.999 0.999
  2737.0 0.999 0.999 0.999 0.999
  2739.0 0.999 0.999 0.999 0.999
  2741.0 0.999 0.999 0.999 0.999
  2743.0 0.999 0.999 0.999 0.999
  2745.0 0.999 0.999 0.999 0.999
  2747.0 0.999 0.999 0.999 0.999
  2749.0 0.999 0.999 0.999 0.999
  2751.0 0.999 0.999 0.999 0.999
  2753.0 0.999 0.999 0.999 0.999
  2755.0 0.999 0.999 0.999 0.999
  2757.0 0.999 0.999 0.999 0.999
  2759.0 0.999 0.999 0.999 0.999
  2761.0 0.999 0.999 0.999 0.999
  2763.0 0.999 0.999 0.999 0.999
  2765.0 0.999 0.999 0.999 0.999
  2767.0 0.999 0.999 0.999 0.999
  2769.0 0.999 0.999 0.999 0.999
  2771.0 0.999 0.999 0.999 0.999
  2773.0 0.999 0.999 0.999 0.999
  2775.0 0.999 0.999 0.999 0.999
  2777.0 0.999 0.999 0.999 0.999
  2779.0 0.999 0.999 0.999 0.999
  2781.0 0.999 0.999 0.999 0.999
  2783.0 0.999 0.999 0.999 0.999
  2785.0 0.999 0.999 0.999 0.999
  2787.0 0.999 0.999 0.999 0.999
  2789.0 0.999 0.999 0.999 0.999
  2791.0 0.999 0.999 0.999 0.999
  2793.0 0.999 0.999 0.999 0.999
  2795.0 0.999 0.999 0.999 0.999
  2797.0 0.999 0.999 0.999 0.999
  2799.0 0.999 0.999 0.999 0.999
  2801.0 0.999 0.999 0.999 0.999
  2803.0 0.999 0.999 0.999 0.999
  2805.0 0.999 0.999 0.999 0.999
  2807.0 0.999 0.999 0.999 0.999
  2809.0 0.999 0.999 0.999 0.999
  2811.0 0.999 0.999 0.999 0.999
  2813.0 0.999 0.999 0.999 0.999
  2815.0 0.999 0.999 0.999 0.999
  2817.0 0.999 0.999 0.999 0.999
  2819.0 0.999 0.999 0.999 0.999
  2821.0 0.999 0.999 0.999 0.999
  2823.0 0.999 0.999 0.999 0.999
  2825.0 0.999 0.999 0.999 0.999
  2827.0 0.999 0.999 0.999 0.999
  2829.0 0.999 0.999 0.999 0.999
  2831.0 0.999 0.999 0.999 0.999
  2833.0 0.999 0.999 0.999 0.999
  2835.0 0.999 0.999 0.999 0.999
  2837.0 0.999 0.999 0.999 0.999
  2839.0 0.999 0.999 0.999 0.999
  2841.0 0.999 0.999 0.999 0.999
  2843.0 0.999 0.999 0.999 0.999
  2845.0 0.999 0.999 0.999 0.999
  2847.0 0.999 0.999 0.999 0.999
  2849.0 0.999 0.999 0.999 0.999
  2851.0 0.999 0.999 0.999 0.999
  2853.0 0.999 0.999 0.999 0.999
  2855.0 0.999 0.999 0.999 0.999
  2857.0 0.999 0.999 0.999 0.999
  2859.0 0.999 0.999 0.999 0.999
  2861.0 0.999 0.999 0.999 0.999
  2863.0 0.999 0.999 0.999 0.999
  2865.0 0.999 0.999 0.999 0.999
  2867.0 0.999 0.999 0.999 0.999
  2869.0 0.999 0.999 0.999 0.999
  2871.0 0.999 0.999 0.999 0.999
  2873.0 0.999 0.999 0.999 0.999
  2875.0 0.999 0.999 0.999 0.999
  2877.0 0.999 0.999 0.999 0.999
  2879.0 0.999 0.999 0.999 0.999
  2881.0 0.999 0.999 0.999 0.999
